HNCO
Air:
Temp:           
Angstroms       QY
1.070450E+03    1.000000E+00
1.078189E+03    1.000000E+00
1.085927E+03    1.000000E+00
1.093666E+03    1.000000E+00
1.101404E+03    1.000000E+00
1.109143E+03    1.000000E+00
1.116882E+03    1.000000E+00
1.124620E+03    1.000000E+00
1.132359E+03    1.000000E+00
1.140097E+03    1.000000E+00
1.147836E+03    1.000000E+00
1.155575E+03    1.000000E+00
1.163313E+03    1.000000E+00
1.171052E+03    1.000000E+00
1.178790E+03    1.000000E+00
1.186529E+03    1.000000E+00
1.194267E+03    1.000000E+00
1.202006E+03    1.000000E+00
1.209745E+03    1.000000E+00
1.217483E+03    1.000000E+00
1.225222E+03    1.000000E+00
1.232960E+03    1.000000E+00
1.240699E+03    1.000000E+00
1.248438E+03    1.000000E+00
1.256176E+03    1.000000E+00
1.263915E+03    1.000000E+00
1.271653E+03    1.000000E+00
1.279392E+03    1.000000E+00
1.287131E+03    1.000000E+00
1.294869E+03    1.000000E+00
1.302608E+03    1.000000E+00
1.310346E+03    1.000000E+00
1.318085E+03    1.000000E+00
1.325824E+03    1.000000E+00
1.333562E+03    1.000000E+00
1.341301E+03    1.000000E+00
1.349039E+03    1.000000E+00
1.356778E+03    1.000000E+00
1.364517E+03    1.000000E+00
1.372255E+03    1.000000E+00
1.379994E+03    1.000000E+00
1.387732E+03    1.000000E+00
1.395471E+03    1.000000E+00
1.403209E+03    1.000000E+00
1.410948E+03    1.000000E+00
1.418687E+03    1.000000E+00
1.426425E+03    1.000000E+00
1.434164E+03    1.000000E+00
1.441902E+03    1.000000E+00
1.449641E+03    1.000000E+00
1.457380E+03    1.000000E+00
1.465118E+03    1.000000E+00
1.472857E+03    1.000000E+00
1.480595E+03    1.000000E+00
1.488334E+03    1.000000E+00
1.496073E+03    1.000000E+00
1.503811E+03    1.000000E+00
1.511550E+03    1.000000E+00
1.519288E+03    1.000000E+00
1.527027E+03    1.000000E+00
1.534766E+03    1.000000E+00
1.542504E+03    1.000000E+00
1.550243E+03    1.000000E+00
1.557981E+03    1.000000E+00
1.565720E+03    1.000000E+00
1.573459E+03    1.000000E+00
1.581197E+03    1.000000E+00
1.588936E+03    1.000000E+00
1.596674E+03    1.000000E+00
1.604413E+03    1.000000E+00
1.612152E+03    1.000000E+00
1.619890E+03    1.000000E+00
1.627629E+03    1.000000E+00
1.635367E+03    1.000000E+00
1.643106E+03    1.000000E+00
1.650844E+03    1.000000E+00
1.658583E+03    1.000000E+00
1.666322E+03    1.000000E+00
1.674060E+03    1.000000E+00
1.681799E+03    1.000000E+00
1.689537E+03    1.000000E+00
1.697276E+03    1.000000E+00
1.705015E+03    1.000000E+00
1.712753E+03    1.000000E+00
1.720492E+03    1.000000E+00
1.728230E+03    1.000000E+00
1.735969E+03    1.000000E+00
1.743708E+03    1.000000E+00
1.751446E+03    1.000000E+00
1.759185E+03    1.000000E+00
1.766923E+03    1.000000E+00
1.774662E+03    1.000000E+00
1.782401E+03    1.000000E+00
1.790139E+03    1.000000E+00
1.797878E+03    1.000000E+00
1.805616E+03    1.000000E+00
1.813355E+03    1.000000E+00
1.821094E+03    1.000000E+00
1.828832E+03    1.000000E+00
1.836571E+03    1.000000E+00
1.844309E+03    1.000000E+00
1.852048E+03    1.000000E+00
1.859786E+03    1.000000E+00
1.867525E+03    1.000000E+00
1.875264E+03    1.000000E+00
1.883002E+03    1.000000E+00
1.890741E+03    1.000000E+00
1.898479E+03    1.000000E+00
1.906218E+03    1.000000E+00
1.913957E+03    1.000000E+00
1.921695E+03    1.000000E+00
1.929434E+03    1.000000E+00
1.937172E+03    1.000000E+00
1.944911E+03    1.000000E+00
1.952650E+03    1.000000E+00
1.960388E+03    1.000000E+00
1.968127E+03    1.000000E+00
1.975865E+03    1.000000E+00
1.983604E+03    1.000000E+00
1.991343E+03    1.000000E+00
1.999081E+03    1.000000E+00
2.006820E+03    1.000000E+00
2.014558E+03    1.000000E+00
2.022297E+03    1.000000E+00
2.030036E+03    1.000000E+00
2.037774E+03    1.000000E+00
2.045513E+03    1.000000E+00
2.053251E+03    1.000000E+00
2.060990E+03    1.000000E+00
2.068728E+03    1.000000E+00
2.076467E+03    1.000000E+00
2.084206E+03    1.000000E+00
2.091944E+03    1.000000E+00
2.099683E+03    1.000000E+00
2.107421E+03    1.000000E+00
2.115160E+03    1.000000E+00
2.122899E+03    1.000000E+00
2.130637E+03    1.000000E+00
2.138376E+03    1.000000E+00
2.146114E+03    1.000000E+00
2.153853E+03    1.000000E+00
2.161592E+03    1.000000E+00
2.169330E+03    1.000000E+00
2.177069E+03    1.000000E+00
2.184807E+03    1.000000E+00
2.192546E+03    1.000000E+00
2.200285E+03    1.000000E+00
2.208023E+03    1.000000E+00
2.215762E+03    1.000000E+00
2.223500E+03    1.000000E+00
2.231239E+03    1.000000E+00
2.238978E+03    1.000000E+00
2.246716E+03    1.000000E+00
2.254455E+03    1.000000E+00
2.262193E+03    1.000000E+00
2.269932E+03    1.000000E+00
2.277671E+03    1.000000E+00
2.285409E+03    1.000000E+00
2.293148E+03    1.000000E+00
2.300886E+03    1.000000E+00
2.308625E+03    1.000000E+00
2.316363E+03    1.000000E+00
2.324102E+03    1.000000E+00
2.331841E+03    1.000000E+00
2.339579E+03    1.000000E+00
2.347318E+03    1.000000E+00
2.355056E+03    1.000000E+00
2.362795E+03    1.000000E+00
2.370534E+03    1.000000E+00
2.378272E+03    1.000000E+00
2.386011E+03    1.000000E+00
2.393749E+03    1.000000E+00
2.401488E+03    1.000000E+00
2.409227E+03    1.000000E+00
2.416965E+03    1.000000E+00
2.424704E+03    1.000000E+00
2.432442E+03    1.000000E+00
2.440181E+03    1.000000E+00
2.447920E+03    1.000000E+00
2.455658E+03    1.000000E+00
2.463397E+03    1.000000E+00
2.471135E+03    1.000000E+00
2.478874E+03    1.000000E+00
2.486613E+03    1.000000E+00
2.494351E+03    1.000000E+00
2.502090E+03    1.000000E+00
2.509828E+03    1.000000E+00
2.517567E+03    1.000000E+00
2.525305E+03    1.000000E+00
2.533044E+03    1.000000E+00
2.540783E+03    1.000000E+00
2.548521E+03    1.000000E+00
2.556260E+03    1.000000E+00
2.563998E+03    1.000000E+00
2.571737E+03    1.000000E+00
2.579476E+03    1.000000E+00
2.587214E+03    1.000000E+00
2.594953E+03    1.000000E+00
2.602691E+03    1.000000E+00
2.610430E+03    1.000000E+00
