    0.1068054450E+13
    0.6068287776E+11
    0.2827557340E+11
    0.3535562081E+11
    0.4796445457E+11
    0.8806168031E+11
    0.1095436339E+12
    0.1508510296E+12
    0.2274509067E+12
    0.3630603737E+12
    0.1643763641E+12
    0.2058538100E+12
    0.2217916090E+12
    0.3018863027E+12
    0.3443143151E+12
    0.3210394906E+12
    0.3802427660E+12
    0.4955749192E+12
    0.5762762635E+12
    0.6691048866E+12
    0.6666421161E+12
    0.9375559275E+12
    0.1040781488E+13
    0.1133047165E+13
    0.1319896139E+13
    0.1534647664E+13
    0.1804495692E+13
    0.2032307737E+13
    0.3285085195E+13
    0.5138496787E+13
    0.5818773705E+13
    0.5466486354E+13
    0.8140252831E+13
    0.6952672998E+13
    0.1093629653E+14
    0.9040635132E+13
    0.9400254025E+13
    0.1088087309E+14
    0.9706615648E+13
    0.1183841174E+14
    0.1065994666E+14
    0.1536026836E+14
    0.1395960179E+14
    0.1366895380E+14
    0.1377888720E+14
    0.1979593686E+14
    0.3812799336E+14
    0.3251267750E+14
    0.8316137084E+14
    0.9179899304E+14
    0.8305135818E+14
    0.7961028665E+14
    0.5644683692E+14
    0.1054173807E+15
    0.1566471591E+15
    0.2680183866E+15
    0.2591100859E+15
    0.2399403698E+15
    0.3353956319E+15
    0.3662212270E+15
    0.4202943841E+15
    0.4560235439E+15
    0.5315155008E+15
    0.6520212882E+15
    0.6034051979E+15
    0.6408223633E+15
    0.3100995236E+15
    0.1351244992E+16
    0.1346833912E+16
    0.1653335776E+16
    0.1557649575E+16
    0.1556953895E+16
    0.2317269345E+16
    0.2741336807E+16
    0.2867842134E+16
    0.2698554946E+16
    0.3219681734E+16
    0.3610894757E+16
    0.3833529625E+16
    0.3834061900E+16
    0.4009869610E+16
    0.3800082843E+16
    0.3898210051E+16
    0.3903659167E+16
    0.3757160824E+16
    0.3978266322E+16
    0.4076970674E+16
    0.4196810549E+16
    0.4164775334E+16
    0.4207189920E+16
    0.4296467905E+16
    0.4228949056E+16
    0.4271864123E+16
    0.4278107072E+16
    0.4221638698E+16
    0.4250405212E+16
    0.4240467972E+16
    0.4212348757E+16
    0.4058784968E+16
    0.4199079895E+16
    0.4171463251E+16
    0.4163095750E+16
    0.4159477981E+16
    0.4105045251E+16
    0.4013450622E+16
    0.3986393119E+16
    0.3932482308E+16
    0.3950991681E+16
    0.3914337649E+16
    0.3827938860E+16
    0.3793833143E+16
    0.3745373510E+16
    0.3735014881E+16
    0.3724273412E+16
    0.3657268835E+16
    0.3627971592E+16
    0.3582098389E+16
    0.3362755464E+16
    0.0000000000E+00
    0.0000000000E+00
    0.0000000000E+00
    0.0000000000E+00
    0.0000000000E+00
    0.0000000000E+00
    0.0000000000E+00
    0.0000000000E+00
    0.0000000000E+00
    0.0000000000E+00
    0.0000000000E+00
    0.0000000000E+00
    0.0000000000E+00
    0.0000000000E+00
    0.0000000000E+00
    0.0000000000E+00
    0.0000000000E+00
    0.0000000000E+00
    0.0000000000E+00
    0.0000000000E+00
    0.0000000000E+00
    0.0000000000E+00
    0.0000000000E+00
    0.0000000000E+00
    0.0000000000E+00
    0.0000000000E+00
    0.0000000000E+00
    0.0000000000E+00
    0.0000000000E+00
    0.0000000000E+00
    0.0000000000E+00
    0.0000000000E+00
    0.0000000000E+00
    0.0000000000E+00
    0.0000000000E+00
    0.0000000000E+00
    0.0000000000E+00
    0.0000000000E+00
    0.0000000000E+00
    0.0000000000E+00
    0.0000000000E+00
    0.0000000000E+00
    0.0000000000E+00
    0.0000000000E+00
    0.0000000000E+00
    0.0000000000E+00
    0.0000000000E+00
    0.0000000000E+00
    0.0000000000E+00
    0.0000000000E+00
    0.0000000000E+00
    0.0000000000E+00
    0.0000000000E+00
    0.0000000000E+00
    0.0000000000E+00
    0.0000000000E+00
    0.0000000000E+00
    0.0000000000E+00
    0.0000000000E+00
    0.0000000000E+00
    0.0000000000E+00
    0.0000000000E+00
    0.0000000000E+00
    0.0000000000E+00
    0.0000000000E+00
    0.0000000000E+00
    0.0000000000E+00
    0.0000000000E+00
    0.0000000000E+00
    0.0000000000E+00
    0.0000000000E+00
    0.0000000000E+00
    0.0000000000E+00
    0.0000000000E+00
    0.0000000000E+00
    0.0000000000E+00
    0.0000000000E+00
    0.0000000000E+00
    0.0000000000E+00
    0.0000000000E+00
    0.0000000000E+00
    0.0000000000E+00
    0.0000000000E+00
    0.0000000000E+00
    0.0000000000E+00
    0.0000000000E+00
    0.0000000000E+00
    0.0000000000E+00
    0.0000000000E+00
    0.0000000000E+00
    0.0000000000E+00
    0.0000000000E+00
    0.0000000000E+00
    0.0000000000E+00
    0.0000000000E+00
    0.0000000000E+00
    0.0000000000E+00
    0.0000000000E+00
    0.0000000000E+00
    0.0000000000E+00
    0.0000000000E+00
    0.0000000000E+00
    0.0000000000E+00
    0.0000000000E+00
    0.0000000000E+00
    0.0000000000E+00
    0.0000000000E+00
    0.0000000000E+00
    0.0000000000E+00
    0.0000000000E+00
    0.0000000000E+00
    0.0000000000E+00
    0.0000000000E+00
    0.0000000000E+00
    0.0000000000E+00
    0.0000000000E+00
    0.0000000000E+00
    0.0000000000E+00
    0.0000000000E+00
    0.0000000000E+00
    0.0000000000E+00
    0.0000000000E+00
    0.0000000000E+00
    0.0000000000E+00
    0.0000000000E+00
    0.0000000000E+00
    0.0000000000E+00
    0.0000000000E+00
    0.0000000000E+00
    0.0000000000E+00
    0.0000000000E+00
    0.0000000000E+00
    0.0000000000E+00
    0.0000000000E+00
    0.0000000000E+00
    0.0000000000E+00
    0.0000000000E+00
    0.0000000000E+00
    0.0000000000E+00
    0.0000000000E+00
    0.0000000000E+00
    0.0000000000E+00
    0.0000000000E+00
    0.0000000000E+00
    0.0000000000E+00
    0.0000000000E+00
    0.0000000000E+00
    0.0000000000E+00
    0.0000000000E+00
    0.0000000000E+00
    0.0000000000E+00
    0.0000000000E+00
    0.0000000000E+00
    0.0000000000E+00
    0.0000000000E+00
    0.0000000000E+00
    0.0000000000E+00
    0.0000000000E+00
    0.0000000000E+00
    0.0000000000E+00
    0.0000000000E+00
    0.0000000000E+00
    0.0000000000E+00
    0.0000000000E+00
    0.0000000000E+00
    0.0000000000E+00
    0.0000000000E+00
    0.0000000000E+00
    0.0000000000E+00
    0.0000000000E+00
    0.0000000000E+00
    0.0000000000E+00
    0.0000000000E+00
    0.0000000000E+00
    0.0000000000E+00
    0.0000000000E+00
    0.0000000000E+00
    0.0000000000E+00
    0.0000000000E+00
    0.0000000000E+00
    0.0000000000E+00
    0.0000000000E+00
    0.0000000000E+00
    0.0000000000E+00
    0.0000000000E+00
    0.0000000000E+00
    0.0000000000E+00
    0.0000000000E+00
    0.0000000000E+00
    0.0000000000E+00
    0.0000000000E+00
    0.0000000000E+00
    0.0000000000E+00
    0.0000000000E+00
    0.0000000000E+00
    0.0000000000E+00
    0.0000000000E+00
    0.0000000000E+00
    0.0000000000E+00
    0.0000000000E+00
    0.0000000000E+00
    0.0000000000E+00
    0.0000000000E+00
    0.0000000000E+00
    0.0000000000E+00
    0.0000000000E+00
    0.0000000000E+00
    0.0000000000E+00
    0.0000000000E+00
    0.0000000000E+00
    0.0000000000E+00
    0.0000000000E+00
    0.0000000000E+00
    0.0000000000E+00
    0.0000000000E+00
    0.0000000000E+00
    0.0000000000E+00
    0.0000000000E+00
    0.0000000000E+00
    0.0000000000E+00
    0.0000000000E+00
    0.0000000000E+00
    0.0000000000E+00
    0.0000000000E+00
    0.0000000000E+00
    0.0000000000E+00
    0.0000000000E+00
    0.0000000000E+00
    0.0000000000E+00
    0.0000000000E+00
    0.0000000000E+00
    0.0000000000E+00
    0.0000000000E+00
    0.0000000000E+00
    0.0000000000E+00
    0.0000000000E+00
    0.0000000000E+00
    0.0000000000E+00
    0.0000000000E+00
    0.0000000000E+00
    0.0000000000E+00
    0.0000000000E+00
    0.0000000000E+00
    0.0000000000E+00
    0.0000000000E+00
    0.0000000000E+00
    0.0000000000E+00
    0.0000000000E+00
    0.0000000000E+00
    0.0000000000E+00
    0.0000000000E+00
    0.0000000000E+00
    0.0000000000E+00
    0.0000000000E+00
    0.0000000000E+00
    0.0000000000E+00
    0.0000000000E+00
    0.0000000000E+00
    0.0000000000E+00
    0.0000000000E+00
    0.0000000000E+00
    0.0000000000E+00
    0.0000000000E+00
    0.0000000000E+00
    0.0000000000E+00
    0.0000000000E+00
    0.0000000000E+00
    0.0000000000E+00
    0.0000000000E+00
    0.0000000000E+00
    0.0000000000E+00
    0.0000000000E+00
    0.0000000000E+00
    0.0000000000E+00
    0.0000000000E+00
    0.0000000000E+00
    0.0000000000E+00
    0.0000000000E+00
    0.0000000000E+00
    0.0000000000E+00
    0.0000000000E+00
    0.0000000000E+00
    0.0000000000E+00
    0.0000000000E+00
    0.0000000000E+00
    0.0000000000E+00
    0.0000000000E+00
    0.0000000000E+00
    0.0000000000E+00
    0.0000000000E+00
    0.0000000000E+00
    0.0000000000E+00
    0.0000000000E+00
    0.0000000000E+00
    0.0000000000E+00
    0.0000000000E+00
    0.0000000000E+00
    0.0000000000E+00
    0.0000000000E+00
    0.0000000000E+00
    0.0000000000E+00
    0.0000000000E+00
    0.0000000000E+00
    0.0000000000E+00
    0.0000000000E+00
    0.0000000000E+00
    0.0000000000E+00
    0.0000000000E+00
    0.0000000000E+00
    0.0000000000E+00
    0.0000000000E+00
    0.0000000000E+00
    0.0000000000E+00
    0.0000000000E+00
    0.0000000000E+00
    0.0000000000E+00
    0.0000000000E+00
    0.0000000000E+00
    0.0000000000E+00
    0.0000000000E+00
    0.0000000000E+00
    0.0000000000E+00
    0.0000000000E+00
    0.0000000000E+00
    0.0000000000E+00
    0.0000000000E+00
    0.0000000000E+00
    0.0000000000E+00
    0.0000000000E+00
    0.0000000000E+00
    0.0000000000E+00
    0.0000000000E+00
    0.0000000000E+00
    0.0000000000E+00
    0.0000000000E+00
    0.0000000000E+00
    0.0000000000E+00
    0.0000000000E+00
    0.0000000000E+00
    0.0000000000E+00
    0.0000000000E+00
    0.0000000000E+00
    0.0000000000E+00
    0.0000000000E+00
    0.0000000000E+00
    0.0000000000E+00
    0.0000000000E+00
    0.0000000000E+00
    0.0000000000E+00
    0.0000000000E+00
    0.0000000000E+00
    0.0000000000E+00
    0.0000000000E+00
    0.0000000000E+00
    0.0000000000E+00
    0.0000000000E+00
    0.0000000000E+00
    0.0000000000E+00
    0.0000000000E+00
    0.0000000000E+00
    0.0000000000E+00
    0.0000000000E+00
    0.0000000000E+00
    0.0000000000E+00
    0.0000000000E+00
    0.0000000000E+00
    0.0000000000E+00
    0.0000000000E+00
    0.0000000000E+00
    0.0000000000E+00
    0.0000000000E+00
    0.0000000000E+00
    0.0000000000E+00
    0.0000000000E+00
    0.0000000000E+00
    0.0000000000E+00
    0.0000000000E+00
    0.0000000000E+00
    0.0000000000E+00
    0.0000000000E+00
    0.0000000000E+00
    0.0000000000E+00
    0.0000000000E+00
    0.0000000000E+00
    0.0000000000E+00
    0.0000000000E+00
    0.0000000000E+00
    0.0000000000E+00
    0.0000000000E+00
    0.0000000000E+00
    0.0000000000E+00
    0.0000000000E+00
    0.0000000000E+00
    0.0000000000E+00
    0.0000000000E+00
    0.0000000000E+00
    0.0000000000E+00
    0.0000000000E+00
    0.0000000000E+00
    0.0000000000E+00
    0.0000000000E+00
    0.0000000000E+00
    0.0000000000E+00
    0.0000000000E+00
    0.0000000000E+00
    0.0000000000E+00
    0.0000000000E+00
    0.0000000000E+00
    0.0000000000E+00
    0.0000000000E+00
    0.0000000000E+00
    0.0000000000E+00
    0.0000000000E+00
    0.0000000000E+00
    0.0000000000E+00
    0.0000000000E+00
    0.0000000000E+00
    0.0000000000E+00
    0.0000000000E+00
    0.0000000000E+00
    0.0000000000E+00
    0.0000000000E+00
    0.0000000000E+00
    0.0000000000E+00
    0.0000000000E+00
    0.0000000000E+00
    0.0000000000E+00
    0.0000000000E+00
    0.0000000000E+00
    0.0000000000E+00
    0.0000000000E+00
    0.0000000000E+00
    0.0000000000E+00
    0.0000000000E+00
    0.0000000000E+00
    0.0000000000E+00
    0.0000000000E+00
    0.0000000000E+00
    0.0000000000E+00
    0.0000000000E+00
    0.0000000000E+00
    0.0000000000E+00
    0.0000000000E+00
    0.0000000000E+00
    0.0000000000E+00
    0.0000000000E+00
    0.0000000000E+00
    0.0000000000E+00
    0.0000000000E+00
    0.0000000000E+00
    0.0000000000E+00
    0.0000000000E+00
    0.0000000000E+00
    0.0000000000E+00
    0.0000000000E+00
    0.0000000000E+00
    0.0000000000E+00
    0.0000000000E+00
    0.0000000000E+00
    0.0000000000E+00
    0.0000000000E+00
    0.0000000000E+00
    0.0000000000E+00
    0.0000000000E+00
    0.0000000000E+00
    0.0000000000E+00
    0.0000000000E+00
    0.0000000000E+00
    0.0000000000E+00
    0.0000000000E+00
    0.0000000000E+00
    0.0000000000E+00
    0.0000000000E+00
    0.0000000000E+00
    0.0000000000E+00
    0.0000000000E+00
    0.0000000000E+00
    0.0000000000E+00
    0.0000000000E+00
    0.0000000000E+00
    0.0000000000E+00
    0.0000000000E+00
    0.0000000000E+00
    0.0000000000E+00
    0.0000000000E+00
    0.0000000000E+00
    0.0000000000E+00
    0.0000000000E+00
    0.0000000000E+00
    0.0000000000E+00
    0.0000000000E+00
    0.0000000000E+00
    0.0000000000E+00
    0.0000000000E+00
    0.0000000000E+00
    0.0000000000E+00
    0.0000000000E+00
    0.0000000000E+00
    0.0000000000E+00
    0.0000000000E+00
    0.0000000000E+00
    0.0000000000E+00
    0.0000000000E+00
    0.0000000000E+00
    0.0000000000E+00
    0.0000000000E+00
    0.0000000000E+00
    0.0000000000E+00
    0.0000000000E+00
    0.0000000000E+00
    0.0000000000E+00
    0.0000000000E+00
    0.0000000000E+00
    0.0000000000E+00
    0.0000000000E+00
    0.0000000000E+00
    0.0000000000E+00
    0.0000000000E+00
    0.0000000000E+00
    0.0000000000E+00
    0.0000000000E+00
    0.0000000000E+00
    0.0000000000E+00
    0.0000000000E+00
    0.0000000000E+00
    0.0000000000E+00
    0.0000000000E+00
    0.0000000000E+00
    0.0000000000E+00
    0.0000000000E+00
    0.0000000000E+00
    0.0000000000E+00
    0.0000000000E+00
    0.0000000000E+00
    0.0000000000E+00
    0.0000000000E+00
    0.0000000000E+00
    0.0000000000E+00
    0.0000000000E+00
    0.0000000000E+00
    0.0000000000E+00
    0.0000000000E+00
    0.0000000000E+00
    0.0000000000E+00
    0.0000000000E+00
    0.0000000000E+00
    0.0000000000E+00
    0.0000000000E+00
    0.0000000000E+00
    0.0000000000E+00
    0.0000000000E+00
    0.0000000000E+00
    0.0000000000E+00
    0.0000000000E+00
    0.0000000000E+00
    0.0000000000E+00
    0.0000000000E+00
    0.0000000000E+00
    0.0000000000E+00
    0.0000000000E+00
    0.0000000000E+00
    0.0000000000E+00
    0.0000000000E+00
    0.0000000000E+00
    0.0000000000E+00
    0.0000000000E+00
    0.0000000000E+00
    0.0000000000E+00
    0.0000000000E+00
    0.0000000000E+00
    0.0000000000E+00
    0.0000000000E+00
    0.0000000000E+00
    0.0000000000E+00
    0.0000000000E+00
    0.0000000000E+00
    0.0000000000E+00
    0.0000000000E+00
    0.0000000000E+00
    0.0000000000E+00
    0.0000000000E+00
    0.0000000000E+00
    0.0000000000E+00
    0.0000000000E+00
    0.0000000000E+00
    0.0000000000E+00
    0.0000000000E+00
    0.0000000000E+00
    0.0000000000E+00
    0.0000000000E+00
    0.0000000000E+00
    0.0000000000E+00
    0.0000000000E+00
    0.0000000000E+00
    0.0000000000E+00
    0.0000000000E+00
    0.0000000000E+00
    0.0000000000E+00
    0.0000000000E+00
    0.0000000000E+00
    0.0000000000E+00
    0.0000000000E+00
    0.0000000000E+00
    0.0000000000E+00
    0.0000000000E+00
    0.0000000000E+00
    0.0000000000E+00
    0.0000000000E+00
    0.0000000000E+00
    0.0000000000E+00
    0.0000000000E+00
    0.0000000000E+00
    0.0000000000E+00
    0.0000000000E+00
    0.0000000000E+00
    0.0000000000E+00
    0.0000000000E+00
    0.0000000000E+00
    0.0000000000E+00
    0.0000000000E+00
    0.0000000000E+00
    0.0000000000E+00
    0.0000000000E+00
    0.0000000000E+00
    0.0000000000E+00
    0.0000000000E+00
    0.0000000000E+00
    0.0000000000E+00
    0.0000000000E+00
    0.0000000000E+00
    0.0000000000E+00
    0.0000000000E+00
    0.0000000000E+00
    0.0000000000E+00
    0.0000000000E+00
    0.0000000000E+00
    0.0000000000E+00
    0.0000000000E+00
    0.0000000000E+00
    0.0000000000E+00
    0.0000000000E+00
    0.0000000000E+00
    0.0000000000E+00
    0.0000000000E+00
    0.0000000000E+00
    0.0000000000E+00
    0.0000000000E+00
    0.0000000000E+00
    0.0000000000E+00
    0.0000000000E+00
    0.0000000000E+00
    0.0000000000E+00
    0.0000000000E+00
    0.0000000000E+00
    0.0000000000E+00
    0.0000000000E+00
    0.0000000000E+00
    0.0000000000E+00
    0.0000000000E+00
    0.0000000000E+00
    0.0000000000E+00
    0.0000000000E+00
    0.0000000000E+00
    0.0000000000E+00
    0.0000000000E+00
    0.0000000000E+00
    0.0000000000E+00
    0.0000000000E+00
    0.0000000000E+00
    0.0000000000E+00
    0.0000000000E+00
    0.0000000000E+00
    0.0000000000E+00
    0.0000000000E+00
    0.0000000000E+00
    0.0000000000E+00
    0.0000000000E+00
    0.0000000000E+00
    0.0000000000E+00
    0.0000000000E+00
    0.0000000000E+00
    0.0000000000E+00
    0.0000000000E+00
    0.0000000000E+00
    0.0000000000E+00
    0.0000000000E+00
    0.0000000000E+00
    0.0000000000E+00
    0.0000000000E+00
    0.0000000000E+00
    0.0000000000E+00
    0.0000000000E+00
    0.0000000000E+00
    0.0000000000E+00
    0.0000000000E+00
    0.0000000000E+00
    0.0000000000E+00
    0.0000000000E+00
    0.0000000000E+00
    0.0000000000E+00
    0.0000000000E+00
    0.0000000000E+00
    0.0000000000E+00
    0.0000000000E+00
    0.0000000000E+00
    0.0000000000E+00
    0.0000000000E+00
    0.0000000000E+00
    0.0000000000E+00
    0.0000000000E+00
    0.0000000000E+00
    0.0000000000E+00
    0.0000000000E+00
    0.0000000000E+00
    0.0000000000E+00
    0.0000000000E+00
    0.0000000000E+00
    0.0000000000E+00
    0.0000000000E+00
    0.0000000000E+00
    0.0000000000E+00
    0.0000000000E+00
    0.0000000000E+00
    0.0000000000E+00
    0.0000000000E+00
    0.0000000000E+00
    0.0000000000E+00
    0.0000000000E+00
    0.0000000000E+00
    0.0000000000E+00
    0.0000000000E+00
    0.0000000000E+00
    0.0000000000E+00
    0.0000000000E+00
    0.0000000000E+00
    0.0000000000E+00
    0.0000000000E+00
    0.0000000000E+00
    0.0000000000E+00
    0.0000000000E+00
    0.0000000000E+00
    0.0000000000E+00
    0.0000000000E+00
    0.0000000000E+00
    0.0000000000E+00
    0.0000000000E+00
    0.0000000000E+00
    0.0000000000E+00
    0.0000000000E+00
    0.0000000000E+00
    0.0000000000E+00
    0.0000000000E+00
    0.0000000000E+00
    0.0000000000E+00
    0.0000000000E+00
    0.0000000000E+00
    0.0000000000E+00
    0.0000000000E+00
    0.0000000000E+00
    0.0000000000E+00
    0.0000000000E+00
    0.0000000000E+00
    0.0000000000E+00
    0.0000000000E+00
    0.0000000000E+00
    0.0000000000E+00
    0.0000000000E+00
    0.0000000000E+00
    0.0000000000E+00
    0.0000000000E+00
    0.0000000000E+00
    0.0000000000E+00
    0.0000000000E+00
    0.0000000000E+00
    0.0000000000E+00
    0.0000000000E+00
    0.0000000000E+00
    0.0000000000E+00
    0.0000000000E+00
    0.0000000000E+00
    0.0000000000E+00
    0.0000000000E+00
    0.0000000000E+00
    0.0000000000E+00
    0.0000000000E+00
    0.0000000000E+00
    0.0000000000E+00
    0.0000000000E+00
    0.0000000000E+00
    0.0000000000E+00
    0.0000000000E+00
    0.0000000000E+00
    0.0000000000E+00
    0.0000000000E+00
    0.0000000000E+00
    0.0000000000E+00
    0.0000000000E+00
    0.0000000000E+00
    0.0000000000E+00
    0.0000000000E+00
    0.0000000000E+00
    0.0000000000E+00
    0.0000000000E+00
    0.0000000000E+00
    0.0000000000E+00
    0.0000000000E+00
    0.0000000000E+00
    0.0000000000E+00
    0.0000000000E+00
    0.0000000000E+00
    0.0000000000E+00
    0.0000000000E+00
    0.0000000000E+00
    0.0000000000E+00
    0.0000000000E+00
    0.0000000000E+00
    0.0000000000E+00
    0.0000000000E+00
    0.0000000000E+00
    0.0000000000E+00
    0.0000000000E+00
    0.0000000000E+00
    0.0000000000E+00
    0.0000000000E+00
    0.0000000000E+00
    0.0000000000E+00
    0.0000000000E+00
    0.0000000000E+00
    0.0000000000E+00
    0.0000000000E+00
    0.0000000000E+00
    0.0000000000E+00
    0.0000000000E+00
    0.0000000000E+00
    0.0000000000E+00
    0.0000000000E+00
    0.0000000000E+00
    0.0000000000E+00
    0.0000000000E+00
    0.0000000000E+00
    0.0000000000E+00
    0.0000000000E+00
    0.0000000000E+00
    0.0000000000E+00
    0.0000000000E+00
    0.0000000000E+00
    0.0000000000E+00
    0.0000000000E+00
    0.0000000000E+00
    0.0000000000E+00
    0.0000000000E+00
    0.0000000000E+00
    0.0000000000E+00
    0.0000000000E+00
    0.0000000000E+00
    0.0000000000E+00
    0.0000000000E+00
    0.0000000000E+00
    0.0000000000E+00
    0.0000000000E+00
    0.0000000000E+00
    0.0000000000E+00
    0.0000000000E+00
    0.0000000000E+00
    0.0000000000E+00
    0.0000000000E+00
    0.0000000000E+00
    0.0000000000E+00
    0.0000000000E+00
    0.0000000000E+00
    0.0000000000E+00
    0.0000000000E+00
    0.0000000000E+00
    0.0000000000E+00
    0.0000000000E+00
    0.0000000000E+00
    0.0000000000E+00
    0.0000000000E+00
    0.0000000000E+00
    0.0000000000E+00
    0.0000000000E+00
    0.0000000000E+00
    0.0000000000E+00
    0.0000000000E+00
    0.0000000000E+00
    0.0000000000E+00
    0.0000000000E+00
    0.0000000000E+00
    0.0000000000E+00
    0.0000000000E+00
    0.0000000000E+00
    0.0000000000E+00
    0.0000000000E+00
    0.0000000000E+00
    0.0000000000E+00
    0.0000000000E+00
    0.0000000000E+00
    0.0000000000E+00
    0.0000000000E+00
    0.0000000000E+00
    0.0000000000E+00
    0.0000000000E+00
    0.0000000000E+00
    0.0000000000E+00
    0.0000000000E+00
    0.0000000000E+00
    0.0000000000E+00
    0.0000000000E+00
    0.0000000000E+00
    0.0000000000E+00
    0.0000000000E+00
    0.0000000000E+00
    0.0000000000E+00
    0.0000000000E+00
    0.0000000000E+00
    0.0000000000E+00
    0.0000000000E+00
    0.0000000000E+00
    0.0000000000E+00
    0.0000000000E+00
    0.0000000000E+00
    0.0000000000E+00
    0.0000000000E+00
    0.0000000000E+00
    0.0000000000E+00
    0.0000000000E+00
    0.0000000000E+00
    0.0000000000E+00
    0.0000000000E+00
    0.0000000000E+00
    0.0000000000E+00
    0.0000000000E+00
    0.0000000000E+00
    0.0000000000E+00
    0.0000000000E+00
    0.0000000000E+00
    0.0000000000E+00
    0.0000000000E+00
    0.0000000000E+00
    0.0000000000E+00
    0.0000000000E+00
    0.0000000000E+00
    0.0000000000E+00
    0.0000000000E+00
    0.0000000000E+00
    0.0000000000E+00
    0.0000000000E+00
    0.0000000000E+00
    0.0000000000E+00
    0.0000000000E+00
    0.0000000000E+00
    0.0000000000E+00
    0.0000000000E+00
    0.0000000000E+00
    0.0000000000E+00
    0.0000000000E+00
    0.0000000000E+00
    0.0000000000E+00
    0.0000000000E+00
    0.0000000000E+00
    0.0000000000E+00
    0.0000000000E+00
    0.0000000000E+00
    0.0000000000E+00
    0.0000000000E+00
    0.0000000000E+00
    0.0000000000E+00
    0.0000000000E+00
    0.0000000000E+00
    0.0000000000E+00
    0.0000000000E+00
    0.0000000000E+00
    0.0000000000E+00
    0.0000000000E+00
    0.0000000000E+00
    0.0000000000E+00
    0.0000000000E+00
    0.0000000000E+00
    0.0000000000E+00
    0.0000000000E+00
    0.0000000000E+00
    0.0000000000E+00
    0.0000000000E+00
    0.0000000000E+00
    0.0000000000E+00
    0.0000000000E+00
    0.0000000000E+00
    0.0000000000E+00
    0.0000000000E+00
    0.0000000000E+00
    0.0000000000E+00
    0.0000000000E+00
    0.0000000000E+00
    0.0000000000E+00
    0.0000000000E+00
    0.0000000000E+00
    0.0000000000E+00
    0.0000000000E+00
    0.0000000000E+00
    0.0000000000E+00
    0.0000000000E+00
    0.0000000000E+00
    0.0000000000E+00
    0.0000000000E+00
    0.0000000000E+00
    0.0000000000E+00
    0.0000000000E+00
    0.0000000000E+00
    0.0000000000E+00
    0.0000000000E+00
    0.0000000000E+00
    0.0000000000E+00
    0.0000000000E+00
    0.0000000000E+00
    0.0000000000E+00
    0.0000000000E+00
    0.0000000000E+00
    0.0000000000E+00
    0.0000000000E+00
    0.0000000000E+00
    0.0000000000E+00
    0.0000000000E+00
    0.0000000000E+00
    0.0000000000E+00
    0.0000000000E+00
    0.0000000000E+00
    0.0000000000E+00
    0.0000000000E+00
    0.0000000000E+00
    0.0000000000E+00
    0.0000000000E+00
    0.0000000000E+00
    0.0000000000E+00
    0.0000000000E+00
    0.0000000000E+00
    0.0000000000E+00
    0.0000000000E+00
    0.0000000000E+00
    0.0000000000E+00
    0.0000000000E+00
    0.0000000000E+00
    0.0000000000E+00
    0.0000000000E+00
    0.0000000000E+00
    0.0000000000E+00
    0.0000000000E+00
    0.0000000000E+00
    0.0000000000E+00
    0.0000000000E+00
    0.0000000000E+00
    0.0000000000E+00
    0.0000000000E+00
    0.0000000000E+00
    0.0000000000E+00
    0.0000000000E+00
    0.0000000000E+00
    0.0000000000E+00
    0.0000000000E+00
    0.0000000000E+00
    0.0000000000E+00
    0.0000000000E+00
    0.0000000000E+00
    0.0000000000E+00
    0.0000000000E+00
    0.0000000000E+00
    0.0000000000E+00
    0.0000000000E+00
    0.0000000000E+00
    0.0000000000E+00
    0.0000000000E+00
    0.0000000000E+00
    0.0000000000E+00
    0.0000000000E+00
    0.0000000000E+00
    0.0000000000E+00
    0.0000000000E+00
    0.0000000000E+00
    0.0000000000E+00
    0.0000000000E+00
    0.0000000000E+00
    0.0000000000E+00
    0.0000000000E+00
    0.0000000000E+00
    0.0000000000E+00
    0.0000000000E+00
    0.0000000000E+00
    0.0000000000E+00
    0.0000000000E+00
    0.0000000000E+00
    0.0000000000E+00
    0.0000000000E+00
    0.0000000000E+00
    0.0000000000E+00
    0.0000000000E+00
    0.0000000000E+00
    0.0000000000E+00
    0.0000000000E+00
    0.0000000000E+00
    0.0000000000E+00
    0.0000000000E+00
    0.0000000000E+00
    0.0000000000E+00
    0.0000000000E+00
    0.0000000000E+00
    0.0000000000E+00
    0.0000000000E+00
    0.0000000000E+00
    0.0000000000E+00
    0.0000000000E+00
    0.0000000000E+00
    0.0000000000E+00
    0.0000000000E+00
    0.0000000000E+00
    0.0000000000E+00
    0.0000000000E+00
    0.0000000000E+00
    0.0000000000E+00
    0.0000000000E+00
    0.0000000000E+00
    0.0000000000E+00
    0.0000000000E+00
    0.0000000000E+00
    0.0000000000E+00
    0.0000000000E+00
    0.0000000000E+00
    0.0000000000E+00
    0.0000000000E+00
    0.0000000000E+00
    0.0000000000E+00
    0.0000000000E+00
    0.0000000000E+00
    0.0000000000E+00
    0.0000000000E+00
    0.0000000000E+00
    0.0000000000E+00
    0.0000000000E+00
    0.0000000000E+00
    0.0000000000E+00
    0.0000000000E+00
    0.0000000000E+00
    0.0000000000E+00
    0.0000000000E+00
    0.0000000000E+00
    0.0000000000E+00
    0.0000000000E+00
    0.0000000000E+00
    0.0000000000E+00
    0.0000000000E+00
    0.0000000000E+00
    0.0000000000E+00
    0.0000000000E+00
    0.0000000000E+00
    0.0000000000E+00
    0.0000000000E+00
    0.0000000000E+00
    0.0000000000E+00
    0.0000000000E+00
    0.0000000000E+00
    0.0000000000E+00
    0.0000000000E+00
    0.0000000000E+00
    0.0000000000E+00
    0.0000000000E+00
    0.0000000000E+00
    0.0000000000E+00
    0.0000000000E+00
    0.0000000000E+00
    0.0000000000E+00
    0.0000000000E+00
    0.0000000000E+00
    0.0000000000E+00
    0.0000000000E+00
    0.0000000000E+00
    0.0000000000E+00
    0.0000000000E+00
    0.0000000000E+00
    0.0000000000E+00
    0.0000000000E+00
    0.0000000000E+00
    0.0000000000E+00
    0.0000000000E+00
    0.0000000000E+00
    0.0000000000E+00
    0.0000000000E+00
    0.0000000000E+00
    0.0000000000E+00
    0.0000000000E+00
    0.0000000000E+00
    0.0000000000E+00
    0.0000000000E+00
    0.0000000000E+00
    0.0000000000E+00
    0.0000000000E+00
    0.0000000000E+00
    0.0000000000E+00
    0.0000000000E+00
    0.0000000000E+00
    0.0000000000E+00
    0.0000000000E+00
    0.0000000000E+00
    0.0000000000E+00
    0.0000000000E+00
    0.0000000000E+00
    0.0000000000E+00
    0.0000000000E+00
    0.0000000000E+00
    0.0000000000E+00
    0.0000000000E+00
    0.0000000000E+00
    0.0000000000E+00
    0.0000000000E+00
    0.0000000000E+00
    0.0000000000E+00
    0.0000000000E+00
    0.0000000000E+00
    0.0000000000E+00
    0.0000000000E+00
    0.0000000000E+00
    0.0000000000E+00
    0.0000000000E+00
    0.0000000000E+00
    0.0000000000E+00
    0.0000000000E+00
    0.0000000000E+00
    0.0000000000E+00
    0.0000000000E+00
    0.0000000000E+00
    0.0000000000E+00
    0.0000000000E+00
    0.0000000000E+00
    0.0000000000E+00
    0.0000000000E+00
    0.0000000000E+00
    0.0000000000E+00
    0.0000000000E+00
    0.0000000000E+00
    0.0000000000E+00
    0.0000000000E+00
    0.0000000000E+00
    0.0000000000E+00
    0.0000000000E+00
    0.0000000000E+00
    0.0000000000E+00
    0.0000000000E+00
    0.0000000000E+00
    0.0000000000E+00
    0.0000000000E+00
    0.0000000000E+00
    0.0000000000E+00
    0.0000000000E+00
    0.0000000000E+00
    0.0000000000E+00
    0.0000000000E+00
    0.0000000000E+00
    0.0000000000E+00
    0.0000000000E+00
    0.0000000000E+00
    0.0000000000E+00
    0.0000000000E+00
    0.0000000000E+00
    0.0000000000E+00
    0.0000000000E+00
    0.0000000000E+00
    0.0000000000E+00
    0.0000000000E+00
    0.0000000000E+00
    0.0000000000E+00
    0.0000000000E+00
    0.0000000000E+00
    0.0000000000E+00
    0.0000000000E+00
    0.0000000000E+00
    0.0000000000E+00
    0.0000000000E+00
    0.0000000000E+00
    0.0000000000E+00
    0.0000000000E+00
    0.0000000000E+00
    0.0000000000E+00
    0.0000000000E+00
    0.0000000000E+00
    0.0000000000E+00
    0.0000000000E+00
    0.0000000000E+00
    0.0000000000E+00
    0.0000000000E+00
    0.0000000000E+00
    0.0000000000E+00
    0.0000000000E+00
    0.0000000000E+00
    0.0000000000E+00
    0.0000000000E+00
    0.0000000000E+00
    0.0000000000E+00
    0.0000000000E+00
    0.0000000000E+00
    0.0000000000E+00
    0.0000000000E+00
    0.0000000000E+00
    0.0000000000E+00
    0.0000000000E+00
    0.0000000000E+00
    0.0000000000E+00
    0.0000000000E+00
    0.0000000000E+00
    0.0000000000E+00
    0.0000000000E+00
    0.0000000000E+00
    0.0000000000E+00
    0.0000000000E+00
    0.0000000000E+00
    0.0000000000E+00
    0.0000000000E+00
    0.0000000000E+00
    0.0000000000E+00
    0.0000000000E+00
    0.0000000000E+00
    0.0000000000E+00
    0.0000000000E+00
    0.0000000000E+00
    0.0000000000E+00
    0.0000000000E+00
    0.0000000000E+00
    0.0000000000E+00
    0.0000000000E+00
    0.0000000000E+00
    0.0000000000E+00
    0.0000000000E+00
    0.0000000000E+00
    0.0000000000E+00
    0.0000000000E+00
    0.0000000000E+00
    0.0000000000E+00
    0.0000000000E+00
    0.0000000000E+00
    0.0000000000E+00
    0.0000000000E+00
    0.0000000000E+00
    0.0000000000E+00
    0.0000000000E+00
    0.0000000000E+00
    0.0000000000E+00
    0.0000000000E+00
    0.0000000000E+00
    0.0000000000E+00
    0.0000000000E+00
    0.0000000000E+00
    0.0000000000E+00
    0.0000000000E+00
    0.0000000000E+00
    0.0000000000E+00
    0.0000000000E+00
    0.0000000000E+00
    0.0000000000E+00
    0.0000000000E+00
    0.0000000000E+00
    0.0000000000E+00
    0.0000000000E+00
    0.0000000000E+00
    0.0000000000E+00
    0.0000000000E+00
    0.0000000000E+00
    0.0000000000E+00
    0.0000000000E+00
    0.0000000000E+00
    0.0000000000E+00
    0.0000000000E+00
    0.0000000000E+00
    0.0000000000E+00
    0.0000000000E+00
    0.0000000000E+00
    0.0000000000E+00
    0.0000000000E+00
    0.0000000000E+00
    0.0000000000E+00
    0.0000000000E+00
    0.0000000000E+00
    0.0000000000E+00
    0.0000000000E+00
    0.0000000000E+00
    0.0000000000E+00
    0.0000000000E+00
    0.0000000000E+00
    0.0000000000E+00
    0.0000000000E+00
    0.0000000000E+00
    0.0000000000E+00
    0.0000000000E+00
    0.0000000000E+00
    0.0000000000E+00
    0.0000000000E+00
    0.0000000000E+00
    0.0000000000E+00
    0.0000000000E+00
    0.0000000000E+00
    0.0000000000E+00
    0.0000000000E+00
    0.0000000000E+00
    0.0000000000E+00
    0.0000000000E+00
    0.0000000000E+00
    0.0000000000E+00
    0.0000000000E+00
    0.0000000000E+00
    0.0000000000E+00
    0.0000000000E+00
    0.0000000000E+00
    0.0000000000E+00
    0.0000000000E+00
    0.0000000000E+00
    0.0000000000E+00
    0.0000000000E+00
    0.0000000000E+00
    0.0000000000E+00
    0.0000000000E+00
    0.0000000000E+00
    0.0000000000E+00
    0.0000000000E+00
    0.0000000000E+00
    0.0000000000E+00
    0.0000000000E+00
    0.0000000000E+00
    0.0000000000E+00
    0.0000000000E+00
    0.0000000000E+00
    0.0000000000E+00
    0.0000000000E+00
    0.0000000000E+00
    0.0000000000E+00
    0.0000000000E+00
    0.0000000000E+00
    0.0000000000E+00
    0.0000000000E+00
    0.0000000000E+00
    0.0000000000E+00
    0.0000000000E+00
    0.0000000000E+00
    0.0000000000E+00
    0.0000000000E+00
    0.0000000000E+00
    0.0000000000E+00
    0.0000000000E+00
    0.0000000000E+00
    0.0000000000E+00
    0.0000000000E+00
    0.0000000000E+00
    0.0000000000E+00
    0.0000000000E+00
    0.0000000000E+00
    0.0000000000E+00
    0.0000000000E+00
    0.0000000000E+00
    0.0000000000E+00
    0.0000000000E+00
    0.0000000000E+00
    0.0000000000E+00
    0.0000000000E+00
    0.0000000000E+00
    0.0000000000E+00
    0.0000000000E+00
    0.0000000000E+00
    0.0000000000E+00
    0.0000000000E+00
    0.0000000000E+00
    0.0000000000E+00
    0.0000000000E+00
    0.0000000000E+00
    0.0000000000E+00
    0.0000000000E+00
    0.0000000000E+00
    0.0000000000E+00
    0.0000000000E+00
    0.0000000000E+00
    0.0000000000E+00
    0.0000000000E+00
    0.0000000000E+00
    0.0000000000E+00
    0.0000000000E+00
    0.0000000000E+00
    0.0000000000E+00
    0.0000000000E+00
    0.0000000000E+00
    0.0000000000E+00
    0.0000000000E+00
    0.0000000000E+00
    0.0000000000E+00
    0.0000000000E+00
    0.0000000000E+00
    0.0000000000E+00
    0.0000000000E+00
    0.0000000000E+00
    0.0000000000E+00
    0.0000000000E+00
    0.0000000000E+00
    0.0000000000E+00
    0.0000000000E+00
    0.0000000000E+00
    0.0000000000E+00
    0.0000000000E+00
    0.0000000000E+00
    0.0000000000E+00
    0.0000000000E+00
    0.0000000000E+00
    0.0000000000E+00
    0.0000000000E+00
    0.0000000000E+00
    0.0000000000E+00
    0.0000000000E+00
    0.0000000000E+00
    0.0000000000E+00
    0.0000000000E+00
    0.0000000000E+00
    0.0000000000E+00
    0.0000000000E+00
    0.0000000000E+00
    0.0000000000E+00
    0.0000000000E+00
    0.0000000000E+00
    0.0000000000E+00
    0.0000000000E+00
    0.0000000000E+00
    0.0000000000E+00
    0.0000000000E+00
    0.0000000000E+00
    0.0000000000E+00
    0.0000000000E+00
    0.0000000000E+00
    0.0000000000E+00
    0.0000000000E+00
    0.0000000000E+00
    0.0000000000E+00
    0.0000000000E+00
    0.0000000000E+00
    0.0000000000E+00
    0.0000000000E+00
    0.0000000000E+00
    0.0000000000E+00
    0.0000000000E+00
    0.0000000000E+00
    0.0000000000E+00
    0.0000000000E+00
    0.0000000000E+00
    0.0000000000E+00
    0.0000000000E+00
    0.0000000000E+00
    0.0000000000E+00
    0.0000000000E+00
    0.0000000000E+00
    0.0000000000E+00
    0.0000000000E+00
    0.0000000000E+00
    0.0000000000E+00
    0.0000000000E+00
    0.0000000000E+00
    0.0000000000E+00
    0.0000000000E+00
    0.0000000000E+00
    0.0000000000E+00
    0.0000000000E+00
    0.0000000000E+00
    0.0000000000E+00
    0.0000000000E+00
    0.0000000000E+00
    0.0000000000E+00
    0.0000000000E+00
    0.0000000000E+00
    0.0000000000E+00
    0.0000000000E+00
    0.0000000000E+00
    0.0000000000E+00
    0.0000000000E+00
    0.0000000000E+00
    0.0000000000E+00
    0.0000000000E+00
    0.0000000000E+00
    0.0000000000E+00
    0.0000000000E+00
    0.0000000000E+00
    0.0000000000E+00
    0.0000000000E+00
    0.0000000000E+00
    0.0000000000E+00
    0.0000000000E+00
    0.0000000000E+00
    0.0000000000E+00
    0.0000000000E+00
    0.0000000000E+00
    0.0000000000E+00
    0.0000000000E+00
    0.0000000000E+00
    0.0000000000E+00
    0.0000000000E+00
    0.0000000000E+00
    0.0000000000E+00
    0.0000000000E+00
    0.0000000000E+00
    0.0000000000E+00
    0.0000000000E+00
    0.0000000000E+00
    0.0000000000E+00
    0.0000000000E+00
    0.0000000000E+00
    0.0000000000E+00
    0.0000000000E+00
    0.0000000000E+00
    0.0000000000E+00
    0.0000000000E+00
    0.0000000000E+00
    0.0000000000E+00
    0.0000000000E+00
    0.0000000000E+00
    0.0000000000E+00
    0.0000000000E+00
    0.0000000000E+00
    0.0000000000E+00
    0.0000000000E+00
    0.0000000000E+00
    0.0000000000E+00
    0.0000000000E+00
    0.0000000000E+00
    0.0000000000E+00
    0.0000000000E+00
    0.0000000000E+00
    0.0000000000E+00
    0.0000000000E+00
    0.0000000000E+00
    0.0000000000E+00
    0.0000000000E+00
    0.0000000000E+00
    0.0000000000E+00
    0.0000000000E+00
    0.0000000000E+00
    0.0000000000E+00
    0.0000000000E+00
    0.0000000000E+00
    0.0000000000E+00
    0.0000000000E+00
    0.0000000000E+00
    0.0000000000E+00
    0.0000000000E+00
    0.0000000000E+00
    0.0000000000E+00
    0.0000000000E+00
    0.0000000000E+00
    0.0000000000E+00
    0.0000000000E+00
    0.0000000000E+00
    0.0000000000E+00
    0.0000000000E+00
    0.0000000000E+00
    0.0000000000E+00
    0.0000000000E+00
    0.0000000000E+00
    0.0000000000E+00
    0.0000000000E+00
    0.0000000000E+00
    0.0000000000E+00
    0.0000000000E+00
    0.0000000000E+00
    0.0000000000E+00
    0.0000000000E+00
    0.0000000000E+00
    0.0000000000E+00
    0.0000000000E+00
    0.0000000000E+00
    0.0000000000E+00
    0.0000000000E+00
    0.0000000000E+00
    0.0000000000E+00
    0.0000000000E+00
    0.0000000000E+00
    0.0000000000E+00
    0.0000000000E+00
    0.0000000000E+00
    0.0000000000E+00
    0.0000000000E+00
    0.0000000000E+00
    0.0000000000E+00
    0.0000000000E+00
    0.0000000000E+00
    0.0000000000E+00
    0.0000000000E+00
    0.0000000000E+00
    0.0000000000E+00
    0.0000000000E+00
    0.0000000000E+00
    0.0000000000E+00
    0.0000000000E+00
    0.0000000000E+00
    0.0000000000E+00
    0.0000000000E+00
    0.0000000000E+00
    0.0000000000E+00
    0.0000000000E+00
    0.0000000000E+00
    0.0000000000E+00
    0.0000000000E+00
    0.0000000000E+00
    0.0000000000E+00
    0.0000000000E+00
    0.0000000000E+00
    0.0000000000E+00
    0.0000000000E+00
    0.0000000000E+00
    0.0000000000E+00
    0.0000000000E+00
    0.0000000000E+00
    0.0000000000E+00
    0.0000000000E+00
    0.0000000000E+00
    0.0000000000E+00
    0.0000000000E+00
    0.0000000000E+00
    0.0000000000E+00
    0.0000000000E+00
    0.0000000000E+00
    0.0000000000E+00
    0.0000000000E+00
    0.0000000000E+00
    0.0000000000E+00
    0.0000000000E+00
    0.0000000000E+00
    0.0000000000E+00
    0.0000000000E+00
    0.0000000000E+00
    0.0000000000E+00
    0.0000000000E+00
    0.0000000000E+00
    0.0000000000E+00
    0.0000000000E+00
    0.0000000000E+00
    0.0000000000E+00
    0.0000000000E+00
    0.0000000000E+00
    0.0000000000E+00
    0.0000000000E+00
    0.0000000000E+00
    0.0000000000E+00
    0.0000000000E+00
    0.0000000000E+00
    0.0000000000E+00
    0.0000000000E+00
    0.0000000000E+00
    0.0000000000E+00
    0.0000000000E+00
    0.0000000000E+00
    0.0000000000E+00
    0.0000000000E+00
    0.0000000000E+00
    0.0000000000E+00
    0.0000000000E+00
    0.0000000000E+00
    0.0000000000E+00
    0.0000000000E+00
    0.0000000000E+00
    0.0000000000E+00
    0.0000000000E+00
    0.0000000000E+00
    0.0000000000E+00
    0.0000000000E+00
    0.0000000000E+00
    0.0000000000E+00
    0.0000000000E+00
    0.0000000000E+00
    0.0000000000E+00
    0.0000000000E+00
    0.0000000000E+00
    0.0000000000E+00
    0.0000000000E+00
    0.0000000000E+00
    0.0000000000E+00
    0.0000000000E+00
    0.0000000000E+00
    0.0000000000E+00
    0.0000000000E+00
    0.0000000000E+00
    0.0000000000E+00
    0.0000000000E+00
    0.0000000000E+00
    0.0000000000E+00
    0.0000000000E+00
    0.0000000000E+00
    0.0000000000E+00
    0.0000000000E+00
    0.0000000000E+00
    0.0000000000E+00
    0.0000000000E+00
    0.0000000000E+00
    0.0000000000E+00
    0.0000000000E+00
    0.0000000000E+00
    0.0000000000E+00
    0.0000000000E+00
    0.0000000000E+00
    0.0000000000E+00
    0.0000000000E+00
    0.0000000000E+00
    0.0000000000E+00
    0.0000000000E+00
    0.0000000000E+00
    0.0000000000E+00
    0.0000000000E+00
    0.0000000000E+00
    0.0000000000E+00
    0.0000000000E+00
    0.0000000000E+00
    0.0000000000E+00
    0.0000000000E+00
    0.0000000000E+00
    0.0000000000E+00
    0.0000000000E+00
    0.0000000000E+00
    0.0000000000E+00
    0.0000000000E+00
    0.0000000000E+00
    0.0000000000E+00
    0.0000000000E+00
    0.0000000000E+00
    0.0000000000E+00
    0.0000000000E+00
    0.0000000000E+00
    0.0000000000E+00
    0.0000000000E+00
    0.0000000000E+00
    0.0000000000E+00
    0.0000000000E+00
    0.0000000000E+00
    0.0000000000E+00
    0.0000000000E+00
    0.0000000000E+00
    0.0000000000E+00
    0.0000000000E+00
    0.0000000000E+00
    0.0000000000E+00
    0.0000000000E+00
    0.0000000000E+00
    0.0000000000E+00
    0.0000000000E+00
    0.0000000000E+00
    0.0000000000E+00
    0.0000000000E+00
    0.0000000000E+00
    0.0000000000E+00
    0.0000000000E+00
    0.0000000000E+00
    0.0000000000E+00
    0.0000000000E+00
    0.0000000000E+00
    0.0000000000E+00
    0.0000000000E+00
    0.0000000000E+00
    0.0000000000E+00
    0.0000000000E+00
    0.0000000000E+00
    0.0000000000E+00
    0.0000000000E+00
    0.0000000000E+00
    0.0000000000E+00
    0.0000000000E+00
    0.0000000000E+00
    0.0000000000E+00
    0.0000000000E+00
    0.0000000000E+00
    0.0000000000E+00
    0.0000000000E+00
    0.0000000000E+00
    0.0000000000E+00
    0.0000000000E+00
    0.0000000000E+00
    0.0000000000E+00
    0.0000000000E+00
    0.0000000000E+00
    0.0000000000E+00
    0.0000000000E+00
    0.0000000000E+00
    0.0000000000E+00
    0.0000000000E+00
    0.0000000000E+00
    0.0000000000E+00
    0.0000000000E+00
    0.0000000000E+00
    0.0000000000E+00
    0.0000000000E+00
    0.0000000000E+00
    0.0000000000E+00
    0.0000000000E+00
    0.0000000000E+00
    0.0000000000E+00
    0.0000000000E+00
    0.0000000000E+00
    0.0000000000E+00
    0.0000000000E+00
    0.0000000000E+00
    0.0000000000E+00
    0.0000000000E+00
    0.0000000000E+00
    0.0000000000E+00
    0.0000000000E+00
    0.0000000000E+00
    0.0000000000E+00
    0.0000000000E+00
    0.0000000000E+00
    0.0000000000E+00
    0.0000000000E+00
    0.0000000000E+00
    0.0000000000E+00
    0.0000000000E+00
    0.0000000000E+00
    0.0000000000E+00
    0.0000000000E+00
    0.0000000000E+00
    0.0000000000E+00
    0.0000000000E+00
    0.0000000000E+00
    0.0000000000E+00
    0.0000000000E+00
    0.0000000000E+00
    0.0000000000E+00
    0.0000000000E+00
    0.0000000000E+00
    0.0000000000E+00
    0.0000000000E+00
    0.0000000000E+00
    0.0000000000E+00
    0.0000000000E+00
    0.0000000000E+00
    0.0000000000E+00
    0.0000000000E+00
    0.0000000000E+00
    0.0000000000E+00
    0.0000000000E+00
    0.0000000000E+00
    0.0000000000E+00
    0.0000000000E+00
    0.0000000000E+00
    0.0000000000E+00
    0.0000000000E+00
    0.0000000000E+00
    0.0000000000E+00
    0.0000000000E+00
    0.0000000000E+00
    0.0000000000E+00
    0.0000000000E+00
    0.0000000000E+00
    0.0000000000E+00
    0.0000000000E+00
    0.0000000000E+00
    0.0000000000E+00
    0.0000000000E+00
    0.0000000000E+00
    0.0000000000E+00
    0.0000000000E+00
    0.0000000000E+00
    0.0000000000E+00
    0.0000000000E+00
    0.0000000000E+00
    0.0000000000E+00
    0.0000000000E+00
    0.0000000000E+00
    0.0000000000E+00
    0.0000000000E+00
    0.0000000000E+00
    0.0000000000E+00
    0.0000000000E+00
    0.0000000000E+00
    0.0000000000E+00
    0.0000000000E+00
    0.0000000000E+00
    0.0000000000E+00
    0.0000000000E+00
    0.0000000000E+00
    0.0000000000E+00
    0.0000000000E+00
    0.0000000000E+00
    0.0000000000E+00
    0.0000000000E+00
    0.0000000000E+00
    0.0000000000E+00
    0.0000000000E+00
    0.0000000000E+00
    0.0000000000E+00
    0.0000000000E+00
    0.0000000000E+00
    0.0000000000E+00
    0.0000000000E+00
    0.0000000000E+00
    0.0000000000E+00
    0.0000000000E+00
    0.0000000000E+00
    0.0000000000E+00
    0.0000000000E+00
    0.0000000000E+00
    0.0000000000E+00
    0.0000000000E+00
    0.0000000000E+00
    0.0000000000E+00
    0.0000000000E+00
    0.0000000000E+00
    0.0000000000E+00
    0.0000000000E+00
    0.0000000000E+00
    0.0000000000E+00
    0.0000000000E+00
    0.0000000000E+00
    0.0000000000E+00
    0.0000000000E+00
    0.0000000000E+00
    0.0000000000E+00
    0.0000000000E+00
    0.0000000000E+00
    0.0000000000E+00
    0.0000000000E+00
    0.0000000000E+00
    0.0000000000E+00
    0.0000000000E+00
    0.0000000000E+00
    0.0000000000E+00
    0.0000000000E+00
    0.0000000000E+00
    0.0000000000E+00
    0.0000000000E+00
    0.0000000000E+00
    0.0000000000E+00
    0.0000000000E+00
    0.0000000000E+00
    0.0000000000E+00
    0.0000000000E+00
    0.0000000000E+00
    0.0000000000E+00
    0.0000000000E+00
    0.0000000000E+00
    0.0000000000E+00
    0.0000000000E+00
    0.0000000000E+00
    0.0000000000E+00
    0.0000000000E+00
    0.0000000000E+00
    0.0000000000E+00
    0.0000000000E+00
    0.0000000000E+00
    0.0000000000E+00
    0.0000000000E+00
    0.0000000000E+00
    0.0000000000E+00
    0.0000000000E+00
    0.0000000000E+00
    0.0000000000E+00
    0.0000000000E+00
    0.0000000000E+00
    0.0000000000E+00
    0.0000000000E+00
    0.0000000000E+00
    0.0000000000E+00
    0.0000000000E+00
    0.0000000000E+00
    0.0000000000E+00
    0.0000000000E+00
    0.0000000000E+00
    0.0000000000E+00
    0.0000000000E+00
    0.0000000000E+00
    0.0000000000E+00
    0.0000000000E+00
    0.0000000000E+00
    0.0000000000E+00
    0.0000000000E+00
    0.0000000000E+00
    0.0000000000E+00
    0.0000000000E+00
    0.0000000000E+00
    0.0000000000E+00
    0.0000000000E+00
    0.0000000000E+00
    0.0000000000E+00
    0.0000000000E+00
    0.0000000000E+00
    0.0000000000E+00
    0.0000000000E+00
    0.0000000000E+00
    0.0000000000E+00
    0.0000000000E+00
    0.0000000000E+00
    0.0000000000E+00
    0.0000000000E+00
    0.0000000000E+00
    0.0000000000E+00
    0.0000000000E+00
    0.0000000000E+00
    0.0000000000E+00
    0.0000000000E+00
    0.0000000000E+00
    0.0000000000E+00
    0.0000000000E+00
    0.0000000000E+00
    0.0000000000E+00
    0.0000000000E+00
    0.0000000000E+00
    0.0000000000E+00
    0.0000000000E+00
    0.0000000000E+00
    0.0000000000E+00
    0.0000000000E+00
    0.0000000000E+00
    0.0000000000E+00
    0.0000000000E+00
    0.0000000000E+00
    0.0000000000E+00
    0.0000000000E+00
    0.0000000000E+00
    0.0000000000E+00
    0.0000000000E+00
    0.0000000000E+00
    0.0000000000E+00
    0.0000000000E+00
    0.0000000000E+00
    0.0000000000E+00
    0.0000000000E+00
    0.0000000000E+00
    0.0000000000E+00
    0.0000000000E+00
    0.0000000000E+00
    0.0000000000E+00
    0.0000000000E+00
    0.0000000000E+00
    0.0000000000E+00
    0.0000000000E+00
    0.0000000000E+00
    0.0000000000E+00
    0.0000000000E+00
    0.0000000000E+00
    0.0000000000E+00
    0.0000000000E+00
    0.0000000000E+00
    0.0000000000E+00
    0.0000000000E+00
    0.0000000000E+00
    0.0000000000E+00
    0.0000000000E+00
    0.0000000000E+00
    0.0000000000E+00
    0.0000000000E+00
    0.0000000000E+00
    0.0000000000E+00
    0.0000000000E+00
    0.0000000000E+00
    0.0000000000E+00
    0.0000000000E+00
    0.0000000000E+00
    0.0000000000E+00
    0.0000000000E+00
    0.0000000000E+00
    0.0000000000E+00
    0.0000000000E+00
    0.0000000000E+00
    0.0000000000E+00
    0.0000000000E+00
    0.0000000000E+00
    0.0000000000E+00
    0.0000000000E+00
    0.0000000000E+00
    0.0000000000E+00
    0.0000000000E+00
    0.0000000000E+00
    0.0000000000E+00
    0.0000000000E+00
    0.0000000000E+00
    0.0000000000E+00
    0.0000000000E+00
    0.0000000000E+00
    0.0000000000E+00
    0.0000000000E+00
    0.0000000000E+00
    0.0000000000E+00
    0.0000000000E+00
    0.0000000000E+00
    0.0000000000E+00
    0.0000000000E+00
    0.0000000000E+00
    0.0000000000E+00
    0.0000000000E+00
    0.0000000000E+00
    0.0000000000E+00
    0.0000000000E+00
    0.0000000000E+00
    0.0000000000E+00
    0.0000000000E+00
    0.0000000000E+00
    0.0000000000E+00
    0.0000000000E+00
    0.0000000000E+00
    0.0000000000E+00
    0.0000000000E+00
    0.0000000000E+00
    0.0000000000E+00
    0.0000000000E+00
    0.0000000000E+00
    0.0000000000E+00
    0.0000000000E+00
    0.0000000000E+00
    0.0000000000E+00
    0.0000000000E+00
    0.0000000000E+00
    0.0000000000E+00
    0.0000000000E+00
    0.0000000000E+00
    0.0000000000E+00
    0.0000000000E+00
    0.0000000000E+00
    0.0000000000E+00
    0.0000000000E+00
    0.0000000000E+00
    0.0000000000E+00
    0.0000000000E+00
    0.0000000000E+00
    0.0000000000E+00
    0.0000000000E+00
    0.0000000000E+00
    0.0000000000E+00
    0.0000000000E+00
    0.0000000000E+00
    0.0000000000E+00
    0.0000000000E+00
    0.0000000000E+00
    0.0000000000E+00
    0.0000000000E+00
    0.0000000000E+00
    0.0000000000E+00
    0.0000000000E+00
    0.0000000000E+00
    0.0000000000E+00
    0.0000000000E+00
    0.0000000000E+00
    0.0000000000E+00
    0.0000000000E+00
    0.0000000000E+00
    0.0000000000E+00
    0.0000000000E+00
    0.0000000000E+00
    0.0000000000E+00
    0.0000000000E+00
    0.0000000000E+00
    0.0000000000E+00
    0.0000000000E+00
    0.0000000000E+00
    0.0000000000E+00
    0.0000000000E+00
    0.0000000000E+00
    0.0000000000E+00
    0.0000000000E+00
    0.0000000000E+00
    0.0000000000E+00
    0.0000000000E+00
    0.0000000000E+00
    0.0000000000E+00
    0.0000000000E+00
    0.0000000000E+00
    0.0000000000E+00
    0.0000000000E+00
    0.0000000000E+00
    0.0000000000E+00
    0.0000000000E+00
    0.0000000000E+00
    0.0000000000E+00
    0.0000000000E+00
    0.0000000000E+00
    0.0000000000E+00
    0.0000000000E+00
    0.0000000000E+00
    0.0000000000E+00
    0.0000000000E+00
    0.0000000000E+00
    0.0000000000E+00
    0.0000000000E+00
    0.0000000000E+00
    0.0000000000E+00
    0.0000000000E+00
    0.0000000000E+00
    0.0000000000E+00
    0.0000000000E+00
    0.0000000000E+00
    0.0000000000E+00
    0.0000000000E+00
    0.0000000000E+00
    0.0000000000E+00
    0.0000000000E+00
    0.0000000000E+00
    0.0000000000E+00
    0.0000000000E+00
    0.0000000000E+00
    0.0000000000E+00
    0.0000000000E+00
    0.0000000000E+00
    0.0000000000E+00
    0.0000000000E+00
    0.0000000000E+00
    0.0000000000E+00
    0.0000000000E+00
    0.0000000000E+00
    0.0000000000E+00
    0.0000000000E+00
    0.0000000000E+00
    0.0000000000E+00
    0.0000000000E+00
    0.0000000000E+00
    0.0000000000E+00
    0.0000000000E+00
    0.0000000000E+00
    0.0000000000E+00
    0.0000000000E+00
    0.0000000000E+00
    0.0000000000E+00
    0.0000000000E+00
    0.0000000000E+00
    0.0000000000E+00
    0.0000000000E+00
    0.0000000000E+00
    0.0000000000E+00
    0.0000000000E+00
    0.0000000000E+00
    0.0000000000E+00
    0.0000000000E+00
    0.0000000000E+00
    0.0000000000E+00
    0.0000000000E+00
    0.0000000000E+00
    0.0000000000E+00
    0.0000000000E+00
    0.0000000000E+00
    0.0000000000E+00
    0.0000000000E+00
    0.0000000000E+00
    0.0000000000E+00
    0.0000000000E+00
    0.0000000000E+00
    0.0000000000E+00
    0.0000000000E+00
    0.0000000000E+00
    0.0000000000E+00
    0.0000000000E+00
    0.0000000000E+00
    0.0000000000E+00
    0.0000000000E+00
    0.0000000000E+00
    0.0000000000E+00
    0.0000000000E+00
    0.0000000000E+00
    0.0000000000E+00
    0.0000000000E+00
    0.0000000000E+00
    0.0000000000E+00
    0.0000000000E+00
    0.0000000000E+00
    0.0000000000E+00
    0.0000000000E+00
    0.0000000000E+00
    0.0000000000E+00
    0.0000000000E+00
    0.0000000000E+00
    0.0000000000E+00
    0.0000000000E+00
    0.0000000000E+00
    0.0000000000E+00
    0.0000000000E+00
    0.0000000000E+00
    0.0000000000E+00
    0.0000000000E+00
    0.0000000000E+00
    0.0000000000E+00
    0.0000000000E+00
    0.0000000000E+00
    0.0000000000E+00
    0.0000000000E+00
    0.0000000000E+00
    0.0000000000E+00
    0.0000000000E+00
    0.0000000000E+00
    0.0000000000E+00
    0.0000000000E+00
    0.0000000000E+00
    0.0000000000E+00
    0.0000000000E+00
    0.0000000000E+00
    0.0000000000E+00
    0.0000000000E+00
    0.0000000000E+00
    0.0000000000E+00
    0.0000000000E+00
    0.0000000000E+00
    0.0000000000E+00
    0.0000000000E+00
    0.0000000000E+00
    0.0000000000E+00
    0.0000000000E+00
    0.0000000000E+00
    0.0000000000E+00
    0.0000000000E+00
    0.0000000000E+00
    0.0000000000E+00
    0.0000000000E+00
    0.0000000000E+00
    0.0000000000E+00
    0.0000000000E+00
    0.0000000000E+00
    0.0000000000E+00
    0.0000000000E+00
    0.0000000000E+00
    0.0000000000E+00
    0.0000000000E+00
    0.0000000000E+00
    0.0000000000E+00
    0.0000000000E+00
    0.0000000000E+00
    0.0000000000E+00
    0.0000000000E+00
    0.0000000000E+00
    0.0000000000E+00
    0.0000000000E+00
    0.0000000000E+00
    0.0000000000E+00
    0.0000000000E+00
    0.0000000000E+00
    0.0000000000E+00
    0.0000000000E+00
    0.0000000000E+00
    0.0000000000E+00
    0.0000000000E+00
    0.0000000000E+00
    0.0000000000E+00
    0.0000000000E+00
    0.0000000000E+00
    0.0000000000E+00
    0.0000000000E+00
    0.0000000000E+00
    0.0000000000E+00
    0.0000000000E+00
    0.0000000000E+00
    0.0000000000E+00
    0.0000000000E+00
    0.0000000000E+00
    0.0000000000E+00
    0.0000000000E+00
    0.0000000000E+00
    0.0000000000E+00
    0.0000000000E+00
    0.0000000000E+00
    0.0000000000E+00
    0.0000000000E+00
    0.0000000000E+00
    0.0000000000E+00
    0.0000000000E+00
    0.0000000000E+00
    0.0000000000E+00
    0.0000000000E+00
    0.0000000000E+00
    0.0000000000E+00
    0.0000000000E+00
    0.0000000000E+00
    0.0000000000E+00
    0.0000000000E+00
    0.0000000000E+00
    0.0000000000E+00
    0.0000000000E+00
    0.0000000000E+00
    0.0000000000E+00
    0.0000000000E+00
    0.0000000000E+00
    0.0000000000E+00
    0.0000000000E+00
    0.0000000000E+00
    0.0000000000E+00
    0.0000000000E+00
    0.0000000000E+00
    0.0000000000E+00
    0.0000000000E+00
    0.0000000000E+00
    0.0000000000E+00
    0.0000000000E+00
    0.0000000000E+00
    0.0000000000E+00
    0.0000000000E+00
    0.0000000000E+00
    0.0000000000E+00
    0.0000000000E+00
    0.0000000000E+00
    0.0000000000E+00
    0.0000000000E+00
    0.0000000000E+00
    0.0000000000E+00
    0.0000000000E+00
    0.0000000000E+00
    0.0000000000E+00
    0.0000000000E+00
    0.0000000000E+00
    0.0000000000E+00
    0.0000000000E+00
    0.0000000000E+00
    0.0000000000E+00
    0.0000000000E+00
    0.0000000000E+00
    0.0000000000E+00
    0.0000000000E+00
    0.0000000000E+00
    0.0000000000E+00
    0.0000000000E+00
    0.0000000000E+00
    0.0000000000E+00
    0.0000000000E+00
    0.0000000000E+00
    0.0000000000E+00
    0.0000000000E+00
    0.0000000000E+00
    0.0000000000E+00
    0.0000000000E+00
    0.0000000000E+00
    0.0000000000E+00
    0.0000000000E+00
    0.0000000000E+00
    0.0000000000E+00
    0.0000000000E+00
    0.0000000000E+00
    0.0000000000E+00
    0.0000000000E+00
    0.0000000000E+00
    0.0000000000E+00
    0.0000000000E+00
    0.0000000000E+00
    0.0000000000E+00
    0.0000000000E+00
    0.0000000000E+00
    0.0000000000E+00
    0.0000000000E+00
    0.0000000000E+00
    0.0000000000E+00
    0.0000000000E+00
    0.0000000000E+00
    0.0000000000E+00
    0.0000000000E+00
    0.0000000000E+00
    0.0000000000E+00
    0.0000000000E+00
    0.0000000000E+00
    0.0000000000E+00
    0.0000000000E+00
    0.0000000000E+00
    0.0000000000E+00
    0.0000000000E+00
    0.0000000000E+00
    0.0000000000E+00
    0.0000000000E+00
    0.0000000000E+00
    0.0000000000E+00
    0.0000000000E+00
    0.0000000000E+00
    0.0000000000E+00
    0.0000000000E+00
    0.0000000000E+00
    0.0000000000E+00
    0.0000000000E+00
    0.0000000000E+00
    0.0000000000E+00
    0.0000000000E+00
    0.0000000000E+00
    0.0000000000E+00
    0.0000000000E+00
    0.0000000000E+00
    0.0000000000E+00
    0.0000000000E+00
    0.0000000000E+00
    0.0000000000E+00
    0.0000000000E+00
    0.0000000000E+00
    0.0000000000E+00
    0.0000000000E+00
    0.0000000000E+00
    0.0000000000E+00
    0.0000000000E+00
    0.0000000000E+00
    0.0000000000E+00
    0.0000000000E+00
    0.0000000000E+00
    0.0000000000E+00
    0.0000000000E+00
    0.0000000000E+00
    0.0000000000E+00
    0.0000000000E+00
    0.0000000000E+00
    0.0000000000E+00
    0.0000000000E+00
    0.0000000000E+00
    0.0000000000E+00
    0.0000000000E+00
    0.0000000000E+00
    0.0000000000E+00
    0.0000000000E+00
    0.0000000000E+00
    0.0000000000E+00
    0.0000000000E+00
    0.0000000000E+00
    0.0000000000E+00
    0.0000000000E+00
    0.0000000000E+00
    0.0000000000E+00
    0.0000000000E+00
    0.0000000000E+00
    0.0000000000E+00
    0.0000000000E+00
    0.0000000000E+00
    0.0000000000E+00
    0.0000000000E+00
    0.0000000000E+00
    0.0000000000E+00
    0.0000000000E+00
    0.0000000000E+00
    0.0000000000E+00
    0.0000000000E+00
    0.0000000000E+00
    0.0000000000E+00
    0.0000000000E+00
    0.0000000000E+00
    0.0000000000E+00
    0.0000000000E+00
    0.0000000000E+00
    0.0000000000E+00
    0.0000000000E+00
    0.0000000000E+00
    0.0000000000E+00
    0.0000000000E+00
    0.0000000000E+00
    0.0000000000E+00
    0.0000000000E+00
    0.0000000000E+00
    0.0000000000E+00
    0.0000000000E+00
    0.0000000000E+00
    0.0000000000E+00
    0.0000000000E+00
    0.0000000000E+00
    0.0000000000E+00
    0.0000000000E+00
    0.0000000000E+00
    0.0000000000E+00
    0.0000000000E+00
    0.0000000000E+00
    0.0000000000E+00
    0.0000000000E+00
    0.0000000000E+00
    0.0000000000E+00
    0.0000000000E+00
    0.0000000000E+00
    0.0000000000E+00
    0.0000000000E+00
    0.0000000000E+00
    0.0000000000E+00
    0.0000000000E+00
    0.0000000000E+00
    0.0000000000E+00
    0.0000000000E+00
    0.0000000000E+00
    0.0000000000E+00
    0.0000000000E+00
    0.0000000000E+00
    0.0000000000E+00
    0.0000000000E+00
    0.0000000000E+00
    0.0000000000E+00
    0.0000000000E+00
    0.0000000000E+00
    0.0000000000E+00
    0.0000000000E+00
    0.0000000000E+00
    0.0000000000E+00
    0.0000000000E+00
    0.0000000000E+00
    0.0000000000E+00
    0.0000000000E+00
    0.0000000000E+00
    0.0000000000E+00
    0.0000000000E+00
    0.0000000000E+00
    0.0000000000E+00
    0.0000000000E+00
    0.0000000000E+00
    0.0000000000E+00
    0.0000000000E+00
    0.0000000000E+00
    0.0000000000E+00
    0.0000000000E+00
    0.0000000000E+00
    0.0000000000E+00
    0.0000000000E+00
    0.0000000000E+00
    0.0000000000E+00
    0.0000000000E+00
    0.0000000000E+00
    0.0000000000E+00
    0.0000000000E+00
    0.0000000000E+00
    0.0000000000E+00
    0.0000000000E+00
    0.0000000000E+00
    0.0000000000E+00
    0.0000000000E+00
    0.0000000000E+00
    0.0000000000E+00
    0.0000000000E+00
    0.0000000000E+00
    0.0000000000E+00
    0.0000000000E+00
    0.0000000000E+00
    0.0000000000E+00
    0.0000000000E+00
    0.0000000000E+00
    0.0000000000E+00
    0.0000000000E+00
    0.0000000000E+00
    0.0000000000E+00
    0.0000000000E+00
    0.0000000000E+00
    0.0000000000E+00
    0.0000000000E+00
    0.0000000000E+00
    0.0000000000E+00
    0.0000000000E+00
    0.0000000000E+00
    0.0000000000E+00
    0.0000000000E+00
    0.0000000000E+00
    0.0000000000E+00
    0.0000000000E+00
    0.0000000000E+00
    0.0000000000E+00
    0.0000000000E+00
    0.0000000000E+00
    0.0000000000E+00
    0.0000000000E+00
    0.0000000000E+00
    0.0000000000E+00
    0.0000000000E+00
    0.0000000000E+00
    0.0000000000E+00
    0.0000000000E+00
    0.0000000000E+00
    0.0000000000E+00
    0.0000000000E+00
    0.0000000000E+00
    0.0000000000E+00
    0.0000000000E+00
    0.0000000000E+00
    0.0000000000E+00
    0.0000000000E+00
    0.0000000000E+00
    0.0000000000E+00
    0.0000000000E+00
    0.0000000000E+00
    0.0000000000E+00
    0.0000000000E+00
    0.0000000000E+00
    0.0000000000E+00
    0.0000000000E+00
    0.0000000000E+00
    0.0000000000E+00
    0.0000000000E+00
    0.0000000000E+00
    0.0000000000E+00
    0.0000000000E+00
    0.0000000000E+00
    0.0000000000E+00
    0.0000000000E+00
    0.0000000000E+00
    0.0000000000E+00
    0.0000000000E+00
    0.0000000000E+00
    0.0000000000E+00
    0.0000000000E+00
    0.0000000000E+00
    0.0000000000E+00
    0.0000000000E+00
    0.0000000000E+00
    0.0000000000E+00
    0.0000000000E+00
    0.0000000000E+00
    0.0000000000E+00
