    0.2399524066E-05
    0.5725031337E-07
    0.7856238412E-05
    0.3967290402E-02
    0.1005107891E-02
    0.5919447761E-04
    0.1451525144E-08
    0.2940558729E-06
    0.3484390291E-04
    0.4094871244E-04
    0.3799596885E-03
    0.1224843952E-03
    0.2893572253E-05
    0.4073565973E-02
    0.2924028265E-03
    0.1727539051E-03
    0.1180078547E-03
    0.1084228177E-02
    0.6225386478E-06
    0.6704442709E-03
    0.6704442709E-03
    0.6704442709E-03
    0.2701843562E-04
    0.3799596885E-03
    0.1531954342E-04
    0.1641414585E-02
    0.1350046107E-03
    0.2117677106E-05
    0.4012974926E-05
    0.1967144572E-05
    0.3639584977E-04
    0.2055897909E-03
    0.1117681585E-05
    0.5710647129E-06
    0.1783396639E-04
    0.1856188338E-04
    0.4718393108E-04
    0.4718393108E-04
    0.0000000000E+00
    0.1459323695E-05
    0.7114203012E-05
    0.3762588357E-05
    0.1091225703E-04
    0.1829407796E-04
    0.6418974723E-06
    0.1604743681E-05
    0.1127443601E-03
    0.1165901879E-02
    0.1864672595E-04
    0.6992522232E-05
    0.9323362976E-06
    0.2033182220E-10
    0.7624433323E-11
    0.3049773329E-11
    0.0000000000E+00
    0.1366600153E-05
    0.1490959200E-05
    0.1697622781E-05
    0.9297569526E-06
    0.4391028191E-06
