alt                      temp                     eddy                     SO4AER_AERSOL            S8AER_AERSOL             HCAER_AERSOL             HCAER2_AERSOL            SO4AER_WFALL             S8AER_WFALL              HCAER_WFALL              HCAER2_WFALL             SO4AER_RPAR              S8AER_RPAR               HCAER_RPAR               HCAER2_RPAR              
0.000000000000000e+00    1.440629066312767e+02    2.500000000000000e+04    1.9919799285884515e-34   4.2493347595845185e-34   6.3208392097091131e-21   4.6065781025781460e-20   1.0325899790306657e+04   1.2192327145851266e+04   4.8239206551596610e+01   4.8239206551596610e+01   1.0000000000000001e-05   1.0000000000000001e-05   1.3000000000000000e-07   1.3000000000000000e-07   
8.040201005025125e+00    1.343690966946778e+02    2.500000000000000e+04    1.9919799285884515e-34   4.2493347595845185e-34   6.3208392097091131e-21   4.6065781025781460e-20   1.0325899790306657e+04   1.2192327145851266e+04   4.8239206551596610e+01   4.8239206551596610e+01   1.0000000000000001e-05   1.0000000000000001e-05   1.3000000000000000e-07   1.3000000000000000e-07   
1.608040201005025e+01    1.300443201992067e+02    2.500000000000000e+04    1.9919799285884515e-34   4.2493347595845185e-34   6.3208392097091131e-21   4.6065781025781460e-20   1.0325899790306657e+04   1.2192327145851266e+04   4.8239206551596610e+01   4.8239206551596610e+01   1.0000000000000001e-05   1.0000000000000001e-05   1.3000000000000000e-07   1.3000000000000000e-07   
2.412060301507537e+01    1.252610521223513e+02    2.500000000000000e+04    1.9919799285884515e-34   4.2493347595845185e-34   6.3208392097091131e-21   4.6065781025781460e-20   1.0325899790306657e+04   1.2192327145851266e+04   4.8239206551596610e+01   4.8239206551596610e+01   1.0000000000000001e-05   1.0000000000000001e-05   1.3000000000000000e-07   1.3000000000000000e-07   
3.216080402010050e+01    1.199328712248986e+02    2.500000000000000e+04    1.9919799285884515e-34   4.2493347595845185e-34   6.3208392097091131e-21   4.6065781025781460e-20   1.0325899790306657e+04   1.2192327145851266e+04   4.8239206551596610e+01   4.8239206551596610e+01   1.0000000000000001e-05   1.0000000000000001e-05   1.3000000000000000e-07   1.3000000000000000e-07   
4.020100502512562e+01    1.138663320182457e+02    7.000000000000000e+02    1.9919799285884515e-34   4.2493347595845185e-34   6.3208392097091131e-21   4.6065781025781460e-20   1.0325899790306657e+04   1.2192327145851266e+04   4.8239206551596610e+01   4.8239206551596610e+01   1.0000000000000001e-05   1.0000000000000001e-05   1.3000000000000000e-07   1.3000000000000000e-07   
4.824120603015075e+01    1.082060579035587e+02    7.000000000000000e+02    1.9919799285884515e-34   4.2493347595845185e-34   6.3208392097091131e-21   4.6065781025781460e-20   1.0325899790306657e+04   1.2192327145851266e+04   4.8239206551596610e+01   4.8239206551596610e+01   1.0000000000000001e-05   1.0000000000000001e-05   1.3000000000000000e-07   1.3000000000000000e-07   
5.628140703517587e+01    1.039372622701120e+02    7.000000000000000e+02    1.9919799285884515e-34   4.2493347595845185e-34   6.3208392097091131e-21   4.6065781025781460e-20   1.0325899790306657e+04   1.2192327145851266e+04   4.8239206551596610e+01   4.8239206551596610e+01   1.0000000000000001e-05   1.0000000000000001e-05   1.3000000000000000e-07   1.3000000000000000e-07   
6.432160804020100e+01    1.001524113528076e+02    7.000000000000000e+02    1.9919799285884515e-34   4.2493347595845185e-34   6.3208392097091131e-21   4.6065781025781460e-20   1.0325899790306657e+04   1.2192327145851266e+04   4.8239206551596610e+01   4.8239206551596610e+01   1.0000000000000001e-05   1.0000000000000001e-05   1.3000000000000000e-07   1.3000000000000000e-07   
7.236180904522612e+01    9.755610709509794e+01    7.000000000000000e+02    1.9919799285884515e-34   4.2493347595845185e-34   6.3208392097091131e-21   4.6065781025781460e-20   1.0325899790306657e+04   1.2192327145851266e+04   4.8239206551596610e+01   4.8239206551596610e+01   1.0000000000000001e-05   1.0000000000000001e-05   1.3000000000000000e-07   1.3000000000000000e-07   
8.040201005025125e+01    9.492648027257781e+01    7.000000000000000e+02    1.9919799285884515e-34   4.2493347595845185e-34   6.3208392097091131e-21   4.6065781025781460e-20   1.0325899790306657e+04   1.2192327145851266e+04   4.8239206551596610e+01   4.8239206551596610e+01   1.0000000000000001e-05   1.0000000000000001e-05   1.3000000000000000e-07   1.3000000000000000e-07   
8.844221105527637e+01    9.212408850040021e+01    7.000000000000000e+02    1.9919799285884515e-34   4.2493347595845185e-34   6.3208392097091131e-21   4.6065781025781460e-20   1.0325899790306657e+04   1.2192327145851266e+04   4.8239206551596610e+01   4.8239206551596610e+01   1.0000000000000001e-05   1.0000000000000001e-05   1.3000000000000000e-07   1.3000000000000000e-07   
9.648241206030150e+01    8.938017181180608e+01    7.000000000000000e+02    1.9919799285884515e-34   4.2493347595845185e-34   6.3208392097091131e-21   4.6065781025781460e-20   1.0325899790306657e+04   1.2192327145851266e+04   4.8239206551596610e+01   4.8239206551596610e+01   1.0000000000000001e-05   1.0000000000000001e-05   1.3000000000000000e-07   1.3000000000000000e-07   
1.045226130653266e+02    8.807986000765693e+01    7.000000000000000e+02    1.9919799285884515e-34   4.2493347595845185e-34   6.3208392097091131e-21   4.6065781025781460e-20   1.0325899790306657e+04   1.2192327145851266e+04   4.8239206551596610e+01   4.8239206551596610e+01   1.0000000000000001e-05   1.0000000000000001e-05   1.3000000000000000e-07   1.3000000000000000e-07   
1.125628140703517e+02    8.724635454049540e+01    7.000000000000000e+02    1.9919799285884515e-34   4.2493347595845185e-34   6.3208392097091131e-21   4.6065781025781460e-20   1.0325899790306657e+04   1.2192327145851266e+04   4.8239206551596610e+01   4.8239206551596610e+01   1.0000000000000001e-05   1.0000000000000001e-05   1.3000000000000000e-07   1.3000000000000000e-07   
1.206030150753769e+02    8.708991025339806e+01    7.000000000000000e+02    1.9919799285884515e-34   4.2493347595845185e-34   6.3208392097091131e-21   4.6065781025781460e-20   1.0325899790306657e+04   1.2192327145851266e+04   4.8239206551596610e+01   4.8239206551596610e+01   1.0000000000000001e-05   1.0000000000000001e-05   1.3000000000000000e-07   1.3000000000000000e-07   
1.286432160804020e+02    8.693346596630072e+01    8.393451069992360e+02    1.9919799285884515e-34   4.2493347595845185e-34   6.3208392097091131e-21   4.6065781025781460e-20   1.0325899790306657e+04   1.2192327145851266e+04   4.8239206551596610e+01   4.8239206551596610e+01   1.0000000000000001e-05   1.0000000000000001e-05   1.3000000000000000e-07   1.3000000000000000e-07   
1.366834170854271e+02    8.791592009405170e+01    1.023577852719218e+03    1.9919799285884515e-34   4.2493347595845185e-34   6.3208392097091131e-21   4.6065781025781460e-20   1.0325899790306657e+04   1.2192327145851266e+04   4.8239206551596610e+01   4.8239206551596610e+01   1.0000000000000001e-05   1.0000000000000001e-05   1.3000000000000000e-07   1.3000000000000000e-07   
1.447236180904522e+02    8.947697105993991e+01    1.250036331322519e+03    1.9919799285884515e-34   4.2493347595845185e-34   6.3208392097091131e-21   4.6065781025781460e-20   1.0325899790306657e+04   1.2192327145851266e+04   4.8239206551596610e+01   4.8239206551596610e+01   1.0000000000000001e-05   1.0000000000000001e-05   1.3000000000000000e-07   1.3000000000000000e-07   
1.527638190954774e+02    9.207443430126993e+01    1.535569586405061e+03    1.9919799285884515e-34   4.2493347595845185e-34   6.3208392097091131e-21   4.6065781025781460e-20   1.0325899790306657e+04   1.2192327145851266e+04   4.8239206551596610e+01   4.8239206551596610e+01   1.0000000000000001e-05   1.0000000000000001e-05   1.3000000000000000e-07   1.3000000000000000e-07   
1.608040201005025e+02    9.449268584446996e+01    1.874880463146014e+03    1.9919799285884515e-34   4.2493347595845185e-34   6.3208392097091131e-21   4.6065781025781460e-20   1.0325899790306657e+04   1.2192327145851266e+04   4.8239206551596610e+01   4.8239206551596610e+01   1.0000000000000001e-05   1.0000000000000001e-05   1.3000000000000000e-07   1.3000000000000000e-07   
1.688442211055276e+02    9.675300398139996e+01    2.276440360529356e+03    1.9919799285884515e-34   4.2493347595845185e-34   6.3208392097091131e-21   4.6065781025781460e-20   1.0325899790306657e+04   1.2192327145851266e+04   4.8239206551596610e+01   4.8239206551596610e+01   1.0000000000000001e-05   1.0000000000000001e-05   1.3000000000000000e-07   1.3000000000000000e-07   
1.768844221105527e+02    1.000006984496187e+02    2.778083339027684e+03    1.9919799285884515e-34   4.2493347595845185e-34   6.3208392097091131e-21   4.6065781025781460e-20   1.0325899790306657e+04   1.2192327145851266e+04   4.8239206551596610e+01   4.8239206551596610e+01   1.0000000000000001e-05   1.0000000000000001e-05   1.3000000000000000e-07   1.3000000000000000e-07   
1.849246231155779e+02    1.034443248729444e+02    3.380292228010490e+03    1.9919799285884515e-34   4.2493347595845185e-34   6.3208392097091131e-21   4.6065781025781460e-20   1.0325899790306657e+04   1.2192327145851266e+04   4.8239206551596610e+01   4.8239206551596610e+01   1.0000000000000001e-05   1.0000000000000001e-05   1.3000000000000000e-07   1.3000000000000000e-07   
1.929648241206030e+02    1.065754321498217e+02    4.088183391816589e+03    1.9919799285884515e-34   4.2493347595845185e-34   6.3208392097091131e-21   4.6065781025781460e-20   1.0325899790306657e+04   1.2192327145851266e+04   4.8239206551596610e+01   4.8239206551596610e+01   1.0000000000000001e-05   1.0000000000000001e-05   1.3000000000000000e-07   1.3000000000000000e-07   
2.010050251256281e+02    1.096536392635329e+02    4.922227424981325e+03    1.9919799285884515e-34   4.2493347595845185e-34   6.3208392097091131e-21   4.6065781025781460e-20   1.0325899790306657e+04   1.2192327145851266e+04   4.8239206551596610e+01   4.8239206551596610e+01   1.0000000000000001e-05   1.0000000000000001e-05   1.3000000000000000e-07   1.3000000000000000e-07   
2.090452261306532e+02    1.127318463772442e+02    5.907393693544630e+03    1.9919799285884515e-34   4.2493347595845185e-34   6.3208392097091131e-21   4.6065781025781460e-20   1.0325899790306657e+04   1.2192327145851266e+04   4.8239206551596610e+01   4.8239206551596610e+01   1.0000000000000001e-05   1.0000000000000001e-05   1.3000000000000000e-07   1.3000000000000000e-07   
2.170854271356784e+02    1.157278451251185e+02    7.069454295819843e+03    1.9919799285884515e-34   4.2493347595845185e-34   6.3208392097091131e-21   4.6065781025781460e-20   1.0325899790306657e+04   1.2192327145851266e+04   4.8239206551596610e+01   4.8239206551596610e+01   1.0000000000000001e-05   1.0000000000000001e-05   1.3000000000000000e-07   1.3000000000000000e-07   
2.251256281407035e+02    1.185981424091844e+02    8.435710883191661e+03    1.9919799285884515e-34   4.2493347595845185e-34   6.3208392097091131e-21   4.6065781025781460e-20   1.0325899790306657e+04   1.2192327145851266e+04   4.8239206551596610e+01   4.8239206551596610e+01   1.0000000000000001e-05   1.0000000000000001e-05   1.3000000000000000e-07   1.3000000000000000e-07   
2.331658291457286e+02    1.214684396932502e+02    1.004216748801644e+04    1.9919799285884515e-34   4.2493347595845185e-34   6.3208392097091131e-21   4.6065781025781460e-20   1.0325899790306657e+04   1.2192327145851266e+04   4.8239206551596610e+01   4.8239206551596610e+01   1.0000000000000001e-05   1.0000000000000001e-05   1.3000000000000000e-07   1.3000000000000000e-07   
2.412060301507537e+02    1.241504638303735e+02    1.191327256918824e+04    1.9919799285884515e-34   4.2493347595845185e-34   6.3208392097091131e-21   4.6065781025781460e-20   1.0325899790306657e+04   1.2192327145851266e+04   4.8239206551596610e+01   4.8239206551596610e+01   1.0000000000000001e-05   1.0000000000000001e-05   1.3000000000000000e-07   1.3000000000000000e-07   
2.492462311557789e+02    1.263447897548648e+02    1.406103348752062e+04    1.9919799285884515e-34   4.2493347595845185e-34   6.3208392097091131e-21   4.6065781025781460e-20   1.0325899790306657e+04   1.2192327145851266e+04   4.8239206551596610e+01   4.8239206551596610e+01   1.0000000000000001e-05   1.0000000000000001e-05   1.3000000000000000e-07   1.3000000000000000e-07   
2.572864321608040e+02    1.285391156793561e+02    1.629885440097265e+04    1.9919799285884515e-34   4.2493347595845185e-34   6.3208392097091131e-21   4.6065781025781460e-20   1.0325899790306657e+04   1.2192327145851266e+04   4.8239206551596610e+01   4.8239206551596610e+01   1.0000000000000001e-05   1.0000000000000001e-05   1.3000000000000000e-07   1.3000000000000000e-07   
2.653266331658291e+02    1.303275414979740e+02    1.849569327754043e+04    1.9919799285884515e-34   4.2493347595845185e-34   6.3208392097091131e-21   4.6065781025781460e-20   1.0325899790306657e+04   1.2192327145851266e+04   4.8239206551596610e+01   4.8239206551596610e+01   1.0000000000000001e-05   1.0000000000000001e-05   1.3000000000000000e-07   1.3000000000000000e-07   
2.733668341708542e+02    1.317965978632540e+02    2.092766197601681e+04    1.9919799285884515e-34   4.2493347595845185e-34   6.3208392097091131e-21   4.6065781025781460e-20   1.0325899790306657e+04   1.2192327145851266e+04   4.8239206551596610e+01   4.8239206551596610e+01   1.0000000000000001e-05   1.0000000000000001e-05   1.3000000000000000e-07   1.3000000000000000e-07   
2.814070351758794e+02    1.332656542285341e+02    2.364837224465164e+04    1.9919799285884515e-34   4.2493347595845185e-34   6.3208392097091131e-21   4.6065781025781460e-20   1.0325899790306657e+04   1.2192327145851266e+04   4.8239206551596610e+01   4.8239206551596610e+01   1.0000000000000001e-05   1.0000000000000001e-05   1.3000000000000000e-07   1.3000000000000000e-07   
2.894472361809045e+02    1.347347105938141e+02    2.668852648715366e+04    1.9919799285884515e-34   4.2493347595845185e-34   6.3208392097091131e-21   4.6065781025781460e-20   1.0325899790306657e+04   1.2192327145851266e+04   4.8239206551596610e+01   4.8239206551596610e+01   1.0000000000000001e-05   1.0000000000000001e-05   1.3000000000000000e-07   1.3000000000000000e-07   
2.974874371859296e+02    1.362316070178657e+02    3.008771022143199e+04    1.9919799285884515e-34   4.2493347595845185e-34   6.3208392097091131e-21   4.6065781025781460e-20   1.0325899790306657e+04   1.2192327145851266e+04   4.8239206551596610e+01   4.8239206551596610e+01   1.0000000000000001e-05   1.0000000000000001e-05   1.3000000000000000e-07   1.3000000000000000e-07   
3.055276381909547e+02    1.378360609001584e+02    3.390360994861100e+04    1.9919799285884515e-34   4.2493347595845185e-34   6.3208392097091131e-21   4.6065781025781460e-20   1.0325899790306657e+04   1.2192327145851266e+04   4.8239206551596610e+01   4.8239206551596610e+01   1.0000000000000001e-05   1.0000000000000001e-05   1.3000000000000000e-07   1.3000000000000000e-07   
3.135678391959799e+02    1.394405147824511e+02    3.815639956013888e+04    1.9919799285884515e-34   4.2493347595845185e-34   6.3208392097091131e-21   4.6065781025781460e-20   1.0325899790306657e+04   1.2192327145851266e+04   4.8239206551596610e+01   4.8239206551596610e+01   1.0000000000000001e-05   1.0000000000000001e-05   1.3000000000000000e-07   1.3000000000000000e-07   
3.216080402010050e+02    1.410258781538324e+02    4.288699537686328e+04    1.9919799285884515e-34   4.2493347595845185e-34   6.3208392097091131e-21   4.6065781025781460e-20   1.0325899790306657e+04   1.2192327145851266e+04   4.8239206551596610e+01   4.8239206551596610e+01   1.0000000000000001e-05   1.0000000000000001e-05   1.3000000000000000e-07   1.3000000000000000e-07   
3.296482412060301e+02    1.415149221388664e+02    4.790105223247644e+04    1.9919799285884515e-34   4.2493347595845185e-34   6.3208392097091131e-21   4.6065781025781460e-20   1.0325899790306657e+04   1.2192327145851266e+04   4.8239206551596610e+01   4.8239206551596610e+01   1.0000000000000001e-05   1.0000000000000001e-05   1.3000000000000000e-07   1.3000000000000000e-07   
3.376884422110552e+02    1.420039661239004e+02    5.344603491467901e+04    1.9919799285884515e-34   4.2493347595845185e-34   6.3208392097091131e-21   4.6065781025781460e-20   1.0325899790306657e+04   1.2192327145851266e+04   4.8239206551596610e+01   4.8239206551596610e+01   1.0000000000000001e-05   1.0000000000000001e-05   1.3000000000000000e-07   1.3000000000000000e-07   
3.457286432160804e+02    1.424930101089344e+02    5.957242231961909e+04    1.9919799285884515e-34   4.2493347595845185e-34   6.3208392097091131e-21   4.6065781025781460e-20   1.0325899790306657e+04   1.2192327145851266e+04   4.8239206551596610e+01   4.8239206551596610e+01   1.0000000000000001e-05   1.0000000000000001e-05   1.3000000000000000e-07   1.3000000000000000e-07   
3.537688442211055e+02    1.429820540939683e+02    6.633495467258348e+04    1.9919799285884515e-34   4.2493347595845185e-34   6.3208392097091131e-21   4.6065781025781460e-20   1.0325899790306657e+04   1.2192327145851266e+04   4.8239206551596610e+01   4.8239206551596610e+01   1.0000000000000001e-05   1.0000000000000001e-05   1.3000000000000000e-07   1.3000000000000000e-07   
3.618090452261306e+02    1.434710980790024e+02    7.379295048789654e+04    1.9919799285884515e-34   4.2493347595845185e-34   6.3208392097091131e-21   4.6065781025781460e-20   1.0325899790306657e+04   1.2192327145851266e+04   4.8239206551596610e+01   4.8239206551596610e+01   1.0000000000000001e-05   1.0000000000000001e-05   1.3000000000000000e-07   1.3000000000000000e-07   
3.698492462311557e+02    1.433762073697845e+02    8.178353506913662e+04    1.9919799285884515e-34   4.2493347595845185e-34   6.3208392097091131e-21   4.6065781025781460e-20   1.0325899790306657e+04   1.2192327145851266e+04   4.8239206551596610e+01   4.8239206551596610e+01   1.0000000000000001e-05   1.0000000000000001e-05   1.3000000000000000e-07   1.3000000000000000e-07   
3.778894472361809e+02    1.431027669337040e+02    9.048011834818234e+04    1.9919799285884515e-34   4.2493347595845185e-34   6.3208392097091131e-21   4.6065781025781460e-20   1.0325899790306657e+04   1.2192327145851266e+04   4.8239206551596610e+01   4.8239206551596610e+01   1.0000000000000001e-05   1.0000000000000001e-05   1.3000000000000000e-07   1.3000000000000000e-07   
3.859296482412060e+02    1.428293264976235e+02    1.000123878088801e+05    1.9919799285884515e-34   4.2493347595845185e-34   6.3208392097091131e-21   4.6065781025781460e-20   1.0325899790306657e+04   1.2192327145851266e+04   4.8239206551596610e+01   4.8239206551596610e+01   1.0000000000000001e-05   1.0000000000000001e-05   1.3000000000000000e-07   1.3000000000000000e-07   
3.939698492462311e+02    1.425558860615429e+02    1.104522401813975e+05    1.9919799285884515e-34   4.2493347595845185e-34   6.3208392097091131e-21   4.6065781025781460e-20   1.0325899790306657e+04   1.2192327145851266e+04   4.8239206551596610e+01   4.8239206551596610e+01   1.0000000000000001e-05   1.0000000000000001e-05   1.3000000000000000e-07   1.3000000000000000e-07   
4.020100502512562e+02    1.422954554018156e+02    1.218875079134234e+05    1.9919799285884515e-34   4.2493347595845185e-34   6.3208392097091131e-21   4.6065781025781460e-20   1.0325899790306657e+04   1.2192327145851266e+04   4.8239206551596610e+01   4.8239206551596610e+01   1.0000000000000001e-05   1.0000000000000001e-05   1.3000000000000000e-07   1.3000000000000000e-07   
4.100502512562814e+02    1.421129106382872e+02    1.345221885369207e+05    1.9919799285884515e-34   4.2493347595845185e-34   6.3208392097091131e-21   4.6065781025781460e-20   1.0325899790306657e+04   1.2192327145851266e+04   4.8239206551596610e+01   4.8239206551596610e+01   1.0000000000000001e-05   1.0000000000000001e-05   1.3000000000000000e-07   1.3000000000000000e-07   
4.180904522613065e+02    1.419303658747587e+02    1.484663940090336e+05    1.9919799285884515e-34   4.2493347595845185e-34   6.3208392097091131e-21   4.6065781025781460e-20   1.0325899790306657e+04   1.2192327145851266e+04   4.8239206551596610e+01   4.8239206551596610e+01   1.0000000000000001e-05   1.0000000000000001e-05   1.3000000000000000e-07   1.3000000000000000e-07   
4.261306532663316e+02    1.417478211112303e+02    1.638558362384856e+05    1.9919799285884515e-34   4.2493347595845185e-34   6.3208392097091131e-21   4.6065781025781460e-20   1.0325899790306657e+04   1.2192327145851266e+04   4.8239206551596610e+01   4.8239206551596610e+01   1.0000000000000001e-05   1.0000000000000001e-05   1.3000000000000000e-07   1.3000000000000000e-07   
4.341708542713567e+02    1.415652763477019e+02    1.808402640132896e+05    1.9919799285884515e-34   4.2493347595845185e-34   6.3208392097091131e-21   4.6065781025781460e-20   1.0325899790306657e+04   1.2192327145851266e+04   4.8239206551596610e+01   4.8239206551596610e+01   1.0000000000000001e-05   1.0000000000000001e-05   1.3000000000000000e-07   1.3000000000000000e-07   
4.422110552763819e+02    1.413827315841735e+02    1.995849884633232e+05    1.9919799285884515e-34   4.2493347595845185e-34   6.3208392097091131e-21   4.6065781025781460e-20   1.0325899790306657e+04   1.2192327145851266e+04   4.8239206551596610e+01   4.8239206551596610e+01   1.0000000000000001e-05   1.0000000000000001e-05   1.3000000000000000e-07   1.3000000000000000e-07   
4.502512562814070e+02    1.412001868206450e+02    2.202724151870692e+05    1.9919799285884515e-34   4.2493347595845185e-34   6.3208392097091131e-21   4.6065781025781460e-20   1.0325899790306657e+04   1.2192327145851266e+04   4.8239206551596610e+01   4.8239206551596610e+01   1.0000000000000001e-05   1.0000000000000001e-05   1.3000000000000000e-07   1.3000000000000000e-07   
4.582914572864321e+02    1.410176420571166e+02    2.431038607785639e+05    1.9919799285884515e-34   4.2493347595845185e-34   6.3208392097091131e-21   4.6065781025781460e-20   1.0325899790306657e+04   1.2192327145851266e+04   4.8239206551596610e+01   4.8239206551596610e+01   1.0000000000000001e-05   1.0000000000000001e-05   1.3000000000000000e-07   1.3000000000000000e-07   
4.663316582914572e+02    1.408350972935882e+02    2.683014973620132e+05    1.9919799285884515e-34   4.2493347595845185e-34   6.3208392097091131e-21   4.6065781025781460e-20   1.0325899790306657e+04   1.2192327145851266e+04   4.8239206551596610e+01   4.8239206551596610e+01   1.0000000000000001e-05   1.0000000000000001e-05   1.3000000000000000e-07   1.3000000000000000e-07   
4.743718592964824e+02    1.406525525300598e+02    2.961105152124302e+05    1.9919799285884515e-34   4.2493347595845185e-34   6.3208392097091131e-21   4.6065781025781460e-20   1.0325899790306657e+04   1.2192327145851266e+04   4.8239206551596610e+01   4.8239206551596610e+01   1.0000000000000001e-05   1.0000000000000001e-05   1.3000000000000000e-07   1.3000000000000000e-07   
4.824120603015075e+02    1.404700077665313e+02    3.268015130206060e+05    1.9919799285884515e-34   4.2493347595845185e-34   6.3208392097091131e-21   4.6065781025781460e-20   1.0325899790306657e+04   1.2192327145851266e+04   4.8239206551596610e+01   4.8239206551596610e+01   1.0000000000000001e-05   1.0000000000000001e-05   1.3000000000000000e-07   1.3000000000000000e-07   
4.904522613065326e+02    1.402874630030029e+02    3.606731270710561e+05    1.9919799285884515e-34   4.2493347595845185e-34   6.3208392097091131e-21   4.6065781025781460e-20   1.0325899790306657e+04   1.2192327145851266e+04   4.8239206551596610e+01   4.8239206551596610e+01   1.0000000000000001e-05   1.0000000000000001e-05   1.3000000000000000e-07   1.3000000000000000e-07   
4.984924623115577e+02    1.400768106763916e+02    3.979998229802266e+05    1.9919799285884515e-34   4.2493347595845185e-34   6.3208392097091131e-21   4.6065781025781460e-20   1.0325899790306657e+04   1.2192327145851266e+04   4.8239206551596610e+01   4.8239206551596610e+01   1.0000000000000001e-05   1.0000000000000001e-05   1.3000000000000000e-07   1.3000000000000000e-07   
5.065326633165829e+02    1.398513742694700e+02    4.391568077934449e+05    1.9919799285884515e-34   4.2493347595845185e-34   6.3208392097091131e-21   4.6065781025781460e-20   1.0325899790306657e+04   1.2192327145851266e+04   4.8239206551596610e+01   4.8239206551596610e+01   1.0000000000000001e-05   1.0000000000000001e-05   1.3000000000000000e-07   1.3000000000000000e-07   
5.145728643216080e+02    1.396259378625484e+02    4.845689485764652e+05    1.9919799285884515e-34   4.2493347595845185e-34   6.3208392097091131e-21   4.6065781025781460e-20   1.0325899790306657e+04   1.2192327145851266e+04   4.8239206551596610e+01   4.8239206551596610e+01   1.0000000000000001e-05   1.0000000000000001e-05   1.3000000000000000e-07   1.3000000000000000e-07   
5.226130653266331e+02    1.394005014556267e+02    5.346760876400878e+05    1.9919799285884515e-34   4.2493347595845185e-34   6.3208392097091131e-21   4.6065781025781460e-20   1.0325899790306657e+04   1.2192327145851266e+04   4.8239206551596610e+01   4.8239206551596610e+01   1.0000000000000001e-05   1.0000000000000001e-05   1.3000000000000000e-07   1.3000000000000000e-07   
5.306532663316582e+02    1.391750650487051e+02    5.899635200435753e+05    1.9919799285884515e-34   4.2493347595845185e-34   6.3208392097091131e-21   4.6065781025781460e-20   1.0325899790306657e+04   1.2192327145851266e+04   4.8239206551596610e+01   4.8239206551596610e+01   1.0000000000000001e-05   1.0000000000000001e-05   1.3000000000000000e-07   1.3000000000000000e-07   
5.386934673366834e+02    1.389448458055015e+02    6.509512415209305e+05    1.9919799285884515e-34   4.2493347595845185e-34   6.3208392097091131e-21   4.6065781025781460e-20   1.0325899790306657e+04   1.2192327145851266e+04   4.8239206551596610e+01   4.8239206551596610e+01   1.0000000000000001e-05   1.0000000000000001e-05   1.3000000000000000e-07   1.3000000000000000e-07   
5.467336683417085e+02    1.386379444673783e+02    7.179682275554109e+05    1.9919799285884515e-34   4.2493347595845185e-34   6.3208392097091131e-21   4.6065781025781460e-20   1.0325899790306657e+04   1.2192327145851266e+04   4.8239206551596610e+01   4.8239206551596610e+01   1.0000000000000001e-05   1.0000000000000001e-05   1.3000000000000000e-07   1.3000000000000000e-07   
5.547738693467336e+02    1.383310431292551e+02    7.918821059221764e+05    1.9919799285884515e-34   4.2493347595845185e-34   6.3208392097091131e-21   4.6065781025781460e-20   1.0325899790306657e+04   1.2192327145851266e+04   4.8239206551596610e+01   4.8239206551596610e+01   1.0000000000000001e-05   1.0000000000000001e-05   1.3000000000000000e-07   1.3000000000000000e-07   
5.628140703517588e+02    1.380241417911319e+02    8.734023536220002e+05    1.9919799285884515e-34   4.2493347595845185e-34   6.3208392097091131e-21   4.6065781025781460e-20   1.0325899790306657e+04   1.2192327145851266e+04   4.8239206551596610e+01   4.8239206551596610e+01   1.0000000000000001e-05   1.0000000000000001e-05   1.3000000000000000e-07   1.3000000000000000e-07   
5.708542713567839e+02    1.377172404530087e+02    9.633114109281463e+05    1.9919799285884515e-34   4.2493347595845185e-34   6.3208392097091131e-21   4.6065781025781460e-20   1.0325899790306657e+04   1.2192327145851266e+04   4.8239206551596610e+01   4.8239206551596610e+01   1.0000000000000001e-05   1.0000000000000001e-05   1.3000000000000000e-07   1.3000000000000000e-07   
5.788944723618090e+02    1.374465157045026e+02    1.062665170082582e+06    1.9919799285884515e-34   4.2493347595845185e-34   6.3208392097091131e-21   4.6065781025781460e-20   1.0325899790306657e+04   1.2192327145851266e+04   4.8239206551596610e+01   4.8239206551596610e+01   1.0000000000000001e-05   1.0000000000000001e-05   1.3000000000000000e-07   1.3000000000000000e-07   
5.869346733668341e+02    1.371783102098045e+02    1.172277768808164e+06    1.9919799285884515e-34   4.2493347595845185e-34   6.3208392097091131e-21   4.6065781025781460e-20   1.0325899790306657e+04   1.2192327145851266e+04   4.8239206551596610e+01   4.8239206551596610e+01   1.0000000000000001e-05   1.0000000000000001e-05   1.3000000000000000e-07   1.3000000000000000e-07   
5.949748743718592e+02    1.369101047151065e+02    1.293193364976477e+06    1.9919799285884515e-34   4.2493347595845185e-34   6.3208392097091131e-21   4.6065781025781460e-20   1.0325899790306657e+04   1.2192327145851266e+04   4.8239206551596610e+01   4.8239206551596610e+01   1.0000000000000001e-05   1.0000000000000001e-05   1.3000000000000000e-07   1.3000000000000000e-07   
6.030150753768844e+02    1.366418992204084e+02    1.426577121392125e+06    1.9919799285884515e-34   4.2493347595845185e-34   6.3208392097091131e-21   4.6065781025781460e-20   1.0325899790306657e+04   1.2192327145851266e+04   4.8239206551596610e+01   4.8239206551596610e+01   1.0000000000000001e-05   1.0000000000000001e-05   1.3000000000000000e-07   1.3000000000000000e-07   
6.110552763819095e+02    1.363422002345006e+02    1.573463553501419e+06    1.9919799285884515e-34   4.2493347595845185e-34   6.3208392097091131e-21   4.6065781025781460e-20   1.0325899790306657e+04   1.2192327145851266e+04   4.8239206551596610e+01   4.8239206551596610e+01   1.0000000000000001e-05   1.0000000000000001e-05   1.3000000000000000e-07   1.3000000000000000e-07   
6.190954773869346e+02    1.359321099787829e+02    1.734496347456901e+06    1.9919799285884515e-34   4.2493347595845185e-34   6.3208392097091131e-21   4.6065781025781460e-20   1.0325899790306657e+04   1.2192327145851266e+04   4.8239206551596610e+01   4.8239206551596610e+01   1.0000000000000001e-05   1.0000000000000001e-05   1.3000000000000000e-07   1.3000000000000000e-07   
6.271356783919598e+02    1.355702979190808e+02    1.912467699945190e+06    1.9919799285884515e-34   4.2493347595845185e-34   6.3208392097091131e-21   4.6065781025781460e-20   1.0325899790306657e+04   1.2192327145851266e+04   4.8239206551596610e+01   4.8239206551596610e+01   1.0000000000000001e-05   1.0000000000000001e-05   1.3000000000000000e-07   1.3000000000000000e-07   
6.351758793969849e+02    1.354618367949521e+02    2.111415336800696e+06    1.9919799285884515e-34   4.2493347595845185e-34   6.3208392097091131e-21   4.6065781025781460e-20   1.0325899790306657e+04   1.2192327145851266e+04   4.8239206551596610e+01   4.8239206551596610e+01   1.0000000000000001e-05   1.0000000000000001e-05   1.3000000000000000e-07   1.3000000000000000e-07   
6.432160804020100e+02    1.353533756708235e+02    2.331057783806278e+06    1.9919799285884515e-34   4.2493347595845185e-34   6.3208392097091131e-21   4.6065781025781460e-20   1.0325899790306657e+04   1.2192327145851266e+04   4.8239206551596610e+01   4.8239206551596610e+01   1.0000000000000001e-05   1.0000000000000001e-05   1.3000000000000000e-07   1.3000000000000000e-07   
6.512562814070351e+02    1.352449145466948e+02    2.573547680161998e+06    1.9919799285884515e-34   4.2493347595845185e-34   6.3208392097091131e-21   4.6065781025781460e-20   1.0325899790306657e+04   1.2192327145851266e+04   4.8239206551596610e+01   4.8239206551596610e+01   1.0000000000000001e-05   1.0000000000000001e-05   1.3000000000000000e-07   1.3000000000000000e-07   
6.592964824120602e+02    1.351433460858986e+02    2.841361502256012e+06    1.9919799285884515e-34   4.2493347595845185e-34   6.3208392097091131e-21   4.6065781025781460e-20   1.0325899790306657e+04   1.2192327145851266e+04   4.8239206551596610e+01   4.8239206551596610e+01   1.0000000000000001e-05   1.0000000000000001e-05   1.3000000000000000e-07   1.3000000000000000e-07   
6.673366834170854e+02    1.350557211849048e+02    3.137267350777847e+06    1.9919799285884515e-34   4.2493347595845185e-34   6.3208392097091131e-21   4.6065781025781460e-20   1.0325899790306657e+04   1.2192327145851266e+04   4.8239206551596610e+01   4.8239206551596610e+01   1.0000000000000001e-05   1.0000000000000001e-05   1.3000000000000000e-07   1.3000000000000000e-07   
6.753768844221105e+02    1.349680962839110e+02    3.463988475710775e+06    1.9919799285884515e-34   4.2493347595845185e-34   6.3208392097091131e-21   4.6065781025781460e-20   1.0325899790306657e+04   1.2192327145851266e+04   4.8239206551596610e+01   4.8239206551596610e+01   1.0000000000000001e-05   1.0000000000000001e-05   1.3000000000000000e-07   1.3000000000000000e-07   
6.834170854271356e+02    1.348804713829172e+02    3.824733973246499e+06    1.9919799285884515e-34   4.2493347595845185e-34   6.3208392097091131e-21   4.6065781025781460e-20   1.0325899790306657e+04   1.2192327145851266e+04   4.8239206551596610e+01   4.8239206551596610e+01   1.0000000000000001e-05   1.0000000000000001e-05   1.3000000000000000e-07   1.3000000000000000e-07   
6.914572864321608e+02    1.347928464819234e+02    4.223046747080708e+06    1.9919799285884515e-34   4.2493347595845185e-34   6.3208392097091131e-21   4.6065781025781460e-20   1.0325899790306657e+04   1.2192327145851266e+04   4.8239206551596610e+01   4.8239206551596610e+01   1.0000000000000001e-05   1.0000000000000001e-05   1.3000000000000000e-07   1.3000000000000000e-07   
6.994974874371859e+02    1.347015023933035e+02    4.662750230276936e+06    1.9919799285884515e-34   4.2493347595845185e-34   6.3208392097091131e-21   4.6065781025781460e-20   1.0325899790306657e+04   1.2192327145851266e+04   4.8239206551596610e+01   4.8239206551596610e+01   1.0000000000000001e-05   1.0000000000000001e-05   1.3000000000000000e-07   1.3000000000000000e-07   
7.075376884422110e+02    1.346078581352335e+02    5.148173259092475e+06    1.9919799285884515e-34   4.2493347595845185e-34   6.3208392097091131e-21   4.6065781025781460e-20   1.0325899790306657e+04   1.2192327145851266e+04   4.8239206551596610e+01   4.8239206551596610e+01   1.0000000000000001e-05   1.0000000000000001e-05   1.3000000000000000e-07   1.3000000000000000e-07   
7.155778894472361e+02    1.345142138771636e+02    5.684130125827752e+06    1.9919799285884515e-34   4.2493347595845185e-34   6.3208392097091131e-21   4.6065781025781460e-20   1.0325899790306657e+04   1.2192327145851266e+04   4.8239206551596610e+01   4.8239206551596610e+01   1.0000000000000001e-05   1.0000000000000001e-05   1.3000000000000000e-07   1.3000000000000000e-07   
7.236180904522612e+02    1.344205696190937e+02    6.275881338010811e+06    1.9919799285884515e-34   4.2493347595845185e-34   6.3208392097091131e-21   4.6065781025781460e-20   1.0325899790306657e+04   1.2192327145851266e+04   4.8239206551596610e+01   4.8239206551596610e+01   1.0000000000000001e-05   1.0000000000000001e-05   1.3000000000000000e-07   1.3000000000000000e-07   
7.316582914572864e+02    1.343904782605621e+02    6.881337225088514e+06    1.9919799285884515e-34   4.2493347595845185e-34   6.3208392097091131e-21   4.6065781025781460e-20   1.0325899790306657e+04   1.2192327145851266e+04   4.8239206551596610e+01   4.8239206551596610e+01   1.0000000000000001e-05   1.0000000000000001e-05   1.3000000000000000e-07   1.3000000000000000e-07   
7.396984924623115e+02    1.346153966868831e+02    7.189219702166618e+06    1.9919799285884515e-34   4.2493347595845185e-34   6.3208392097091131e-21   4.6065781025781460e-20   1.0325899790306657e+04   1.2192327145851266e+04   4.8239206551596610e+01   4.8239206551596610e+01   1.0000000000000001e-05   1.0000000000000001e-05   1.3000000000000000e-07   1.3000000000000000e-07   
7.477386934673366e+02    1.348403151132041e+02    7.510871053980752e+06    1.9919799285884515e-34   4.2493347595845185e-34   6.3208392097091131e-21   4.6065781025781460e-20   1.0325899790306657e+04   1.2192327145851266e+04   4.8239206551596610e+01   4.8239206551596610e+01   1.0000000000000001e-05   1.0000000000000001e-05   1.3000000000000000e-07   1.3000000000000000e-07   
7.557788944723618e+02    1.350652335395251e+02    7.846906796000235e+06    1.9919799285884515e-34   4.2493347595845185e-34   6.3208392097091131e-21   4.6065781025781460e-20   1.0325899790306657e+04   1.2192327145851266e+04   4.8239206551596610e+01   4.8239206551596610e+01   1.0000000000000001e-05   1.0000000000000001e-05   1.3000000000000000e-07   1.3000000000000000e-07   
7.638190954773869e+02    1.353606841342577e+02    8.199251873502122e+06    1.9919799285884515e-34   4.2493347595845185e-34   6.3208392097091131e-21   4.6065781025781460e-20   1.0325899790306657e+04   1.2192327145851266e+04   4.8239206551596610e+01   4.8239206551596610e+01   1.0000000000000001e-05   1.0000000000000001e-05   1.3000000000000000e-07   1.3000000000000000e-07   
7.718592964824120e+02    1.357761051755743e+02    8.569678177634833e+06    1.9919799285884515e-34   4.2493347595845185e-34   6.3208392097091131e-21   4.6065781025781460e-20   1.0325899790306657e+04   1.2192327145851266e+04   4.8239206551596610e+01   4.8239206551596610e+01   1.0000000000000001e-05   1.0000000000000001e-05   1.3000000000000000e-07   1.3000000000000000e-07   
7.798994974874371e+02    1.361915262168909e+02    8.956814471292375e+06    1.9919799285884515e-34   4.2493347595845185e-34   6.3208392097091131e-21   4.6065781025781460e-20   1.0325899790306657e+04   1.2192327145851266e+04   4.8239206551596610e+01   4.8239206551596610e+01   1.0000000000000001e-05   1.0000000000000001e-05   1.3000000000000000e-07   1.3000000000000000e-07   
7.879396984924622e+02    1.366069472582074e+02    9.361413575330291e+06    1.9919799285884515e-34   4.2493347595845185e-34   6.3208392097091131e-21   4.6065781025781460e-20   1.0325899790306657e+04   1.2192327145851266e+04   4.8239206551596610e+01   4.8239206551596610e+01   1.0000000000000001e-05   1.0000000000000001e-05   1.3000000000000000e-07   1.3000000000000000e-07   
7.959798994974874e+02    1.370653934180850e+02    9.785351464813890e+06    1.9919799285884515e-34   4.2493347595845185e-34   6.3208392097091131e-21   4.6065781025781460e-20   1.0325899790306657e+04   1.2192327145851266e+04   4.8239206551596610e+01   4.8239206551596610e+01   1.0000000000000001e-05   1.0000000000000001e-05   1.3000000000000000e-07   1.3000000000000000e-07   
8.040201005025125e+02    1.376554094397858e+02    1.022981748117206e+07    1.9919799285884515e-34   4.2493347595845185e-34   6.3208392097091131e-21   4.6065781025781460e-20   1.0325899790306657e+04   1.2192327145851266e+04   4.8239206551596610e+01   4.8239206551596610e+01   1.0000000000000001e-05   1.0000000000000001e-05   1.3000000000000000e-07   1.3000000000000000e-07   
8.120603015075376e+02    1.382454254614866e+02    1.067949314043802e+07    1.9919799285884515e-34   4.2493347595845185e-34   6.3208392097091131e-21   4.6065781025781460e-20   1.0325899790306657e+04   1.2192327145851266e+04   4.8239206551596610e+01   4.8239206551596610e+01   1.0000000000000001e-05   1.0000000000000001e-05   1.3000000000000000e-07   1.3000000000000000e-07   
8.201005025125628e+02    1.388354414831874e+02    1.113222613765763e+07    1.9919799285884515e-34   4.2493347595845185e-34   6.3208392097091131e-21   4.6065781025781460e-20   1.0325899790306657e+04   1.2192327145851266e+04   4.8239206551596610e+01   4.8239206551596610e+01   1.0000000000000001e-05   1.0000000000000001e-05   1.3000000000000000e-07   1.3000000000000000e-07   
8.281407035175879e+02    1.394254575048881e+02    1.158792882466941e+07    1.9919799285884515e-34   4.2493347595845185e-34   6.3208392097091131e-21   4.6065781025781460e-20   1.0325899790306657e+04   1.2192327145851266e+04   4.8239206551596610e+01   4.8239206551596610e+01   1.0000000000000001e-05   1.0000000000000001e-05   1.3000000000000000e-07   1.3000000000000000e-07   
8.361809045226130e+02    1.403540861892635e+02    1.205734641820437e+07    1.9919799285884515e-34   4.2493347595845185e-34   6.3208392097091131e-21   4.6065781025781460e-20   1.0325899790306657e+04   1.2192327145851266e+04   4.8239206551596610e+01   4.8239206551596610e+01   1.0000000000000001e-05   1.0000000000000001e-05   1.3000000000000000e-07   1.3000000000000000e-07   
8.442211055276381e+02    1.413201408160760e+02    1.253116138706178e+07    1.9919799285884515e-34   4.2493347595845185e-34   6.3208392097091131e-21   4.6065781025781460e-20   1.0325899790306657e+04   1.2192327145851266e+04   4.8239206551596610e+01   4.8239206551596610e+01   1.0000000000000001e-05   1.0000000000000001e-05   1.3000000000000000e-07   1.3000000000000000e-07   
8.522613065326632e+02    1.422861954428886e+02    1.300811509299303e+07    1.9919799285884515e-34   4.2493347595845185e-34   6.3208392097091131e-21   4.6065781025781460e-20   1.0325899790306657e+04   1.2192327145851266e+04   4.8239206551596610e+01   4.8239206551596610e+01   1.0000000000000001e-05   1.0000000000000001e-05   1.3000000000000000e-07   1.3000000000000000e-07   
8.603015075376884e+02    1.434747798308027e+02    1.349554852596797e+07    1.9919799285884515e-34   4.2493347595845185e-34   6.3208392097091131e-21   4.6065781025781460e-20   1.0325899790306657e+04   1.2192327145851266e+04   4.8239206551596610e+01   4.8239206551596610e+01   1.0000000000000001e-05   1.0000000000000001e-05   1.3000000000000000e-07   1.3000000000000000e-07   
8.683417085427135e+02    1.450447610081472e+02    1.399904182167840e+07    1.9919799285884515e-34   4.2493347595845185e-34   6.3208392097091131e-21   4.6065781025781460e-20   1.0325899790306657e+04   1.2192327145851266e+04   4.8239206551596610e+01   4.8239206551596610e+01   1.0000000000000001e-05   1.0000000000000001e-05   1.3000000000000000e-07   1.3000000000000000e-07   
8.763819095477386e+02    1.466147421854916e+02    1.450596081386229e+07    1.9919799285884515e-34   4.2493347595845185e-34   6.3208392097091131e-21   4.6065781025781460e-20   1.0325899790306657e+04   1.2192327145851266e+04   4.8239206551596610e+01   4.8239206551596610e+01   1.0000000000000001e-05   1.0000000000000001e-05   1.3000000000000000e-07   1.3000000000000000e-07   
8.844221105527638e+02    1.487190968931693e+02    1.503505533846510e+07    1.9919799285884515e-34   4.2493347595845185e-34   6.3208392097091131e-21   4.6065781025781460e-20   1.0325899790306657e+04   1.2192327145851266e+04   4.8239206551596610e+01   4.8239206551596610e+01   1.0000000000000001e-05   1.0000000000000001e-05   1.3000000000000000e-07   1.3000000000000000e-07   
8.924623115577889e+02    1.511054836949051e+02    1.557775709897053e+07    1.9919799285884515e-34   4.2493347595845185e-34   6.3208392097091131e-21   4.6065781025781460e-20   1.0325899790306657e+04   1.2192327145851266e+04   4.8239206551596610e+01   4.8239206551596610e+01   1.0000000000000001e-05   1.0000000000000001e-05   1.3000000000000000e-07   1.3000000000000000e-07   
9.005025125628140e+02    1.536104300399698e+02    1.612858397668243e+07    1.9919799285884515e-34   4.2493347595845185e-34   6.3208392097091131e-21   4.6065781025781460e-20   1.0325899790306657e+04   1.2192327145851266e+04   4.8239206551596610e+01   4.8239206551596610e+01   1.0000000000000001e-05   1.0000000000000001e-05   1.3000000000000000e-07   1.3000000000000000e-07   
9.085427135678391e+02    1.567561300129738e+02    1.670720415808490e+07    1.9919799285884515e-34   4.2493347595845185e-34   6.3208392097091131e-21   4.6065781025781460e-20   1.0325899790306657e+04   1.2192327145851266e+04   4.8239206551596610e+01   4.8239206551596610e+01   1.0000000000000001e-05   1.0000000000000001e-05   1.3000000000000000e-07   1.3000000000000000e-07   
9.165829145728642e+02    1.603988384104249e+02    1.730775224247281e+07    1.9919799285884515e-34   4.2493347595845185e-34   6.3208392097091131e-21   4.6065781025781460e-20   1.0325899790306657e+04   1.2192327145851266e+04   4.8239206551596610e+01   4.8239206551596610e+01   1.0000000000000001e-05   1.0000000000000001e-05   1.3000000000000000e-07   1.3000000000000000e-07   
9.246231155778894e+02    1.647977805534632e+02    1.793961474141582e+07    1.9919799285884515e-34   4.2493347595845185e-34   6.3208392097091131e-21   4.6065781025781460e-20   1.0325899790306657e+04   1.2192327145851266e+04   4.8239206551596610e+01   4.8239206551596610e+01   1.0000000000000001e-05   1.0000000000000001e-05   1.3000000000000000e-07   1.3000000000000000e-07   
9.326633165829145e+02    1.692146812430873e+02    1.857926420459666e+07    1.9919799285884515e-34   4.2493347595845185e-34   6.3208392097091131e-21   4.6065781025781460e-20   1.0325899790306657e+04   1.2192327145851266e+04   4.8239206551596610e+01   4.8239206551596610e+01   1.0000000000000001e-05   1.0000000000000001e-05   1.3000000000000000e-07   1.3000000000000000e-07   
9.407035175879396e+02    1.736458130372352e+02    1.922578823950978e+07    1.9919799285884515e-34   4.2493347595845185e-34   6.3208392097091131e-21   4.6065781025781460e-20   1.0325899790306657e+04   1.2192327145851266e+04   4.8239206551596610e+01   4.8239206551596610e+01   1.0000000000000001e-05   1.0000000000000001e-05   1.3000000000000000e-07   1.3000000000000000e-07   
9.487437185929648e+02    1.823116893640313e+02    2.002144133464666e+07    1.9919799285884515e-34   4.2493347595845185e-34   6.3208392097091131e-21   4.6065781025781460e-20   1.0325899790306657e+04   1.2192327145851266e+04   4.8239206551596610e+01   4.8239206551596610e+01   1.0000000000000001e-05   1.0000000000000001e-05   1.3000000000000000e-07   1.3000000000000000e-07   
9.567839195979899e+02    1.930083602228851e+02    2.088813116690934e+07    1.9919799285884515e-34   4.2493347595845185e-34   6.3208392097091131e-21   4.6065781025781460e-20   1.0325899790306657e+04   1.2192327145851266e+04   4.8239206551596610e+01   4.8239206551596610e+01   1.0000000000000001e-05   1.0000000000000001e-05   1.3000000000000000e-07   1.3000000000000000e-07   
9.648241206030150e+02    2.013075180044059e+02    2.169095199043428e+07    1.9919799285884515e-34   4.2493347595845185e-34   6.3208392097091131e-21   4.6065781025781460e-20   1.0325899790306657e+04   1.2192327145851266e+04   4.8239206551596610e+01   4.8239206551596610e+01   1.0000000000000001e-05   1.0000000000000001e-05   1.3000000000000000e-07   1.3000000000000000e-07   
9.728643216080401e+02    2.096066757859267e+02    2.249518501632107e+07    1.9919799285884515e-34   4.2493347595845185e-34   6.3208392097091131e-21   4.6065781025781460e-20   1.0325899790306657e+04   1.2192327145851266e+04   4.8239206551596610e+01   4.8239206551596610e+01   1.0000000000000001e-05   1.0000000000000001e-05   1.3000000000000000e-07   1.3000000000000000e-07   
9.809045226130652e+02    2.179058335674475e+02    2.330113961801985e+07    1.9919799285884515e-34   4.2493347595845185e-34   6.3208392097091131e-21   4.6065781025781460e-20   1.0325899790306657e+04   1.2192327145851266e+04   4.8239206551596610e+01   4.8239206551596610e+01   1.0000000000000001e-05   1.0000000000000001e-05   1.3000000000000000e-07   1.3000000000000000e-07   
9.889447236180904e+02    2.293713864407556e+02    2.421856096916069e+07    1.9919799285884515e-34   4.2493347595845185e-34   6.3208392097091131e-21   4.6065781025781460e-20   1.0325899790306657e+04   1.2192327145851266e+04   4.8239206551596610e+01   4.8239206551596610e+01   1.0000000000000001e-05   1.0000000000000001e-05   1.3000000000000000e-07   1.3000000000000000e-07   
9.969849246231155e+02    2.447598695805197e+02    2.526615920297110e+07    1.9919799285884515e-34   4.2493347595845185e-34   6.3208392097091131e-21   4.6065781025781460e-20   1.0325899790306657e+04   1.2192327145851266e+04   4.8239206551596610e+01   4.8239206551596610e+01   1.0000000000000001e-05   1.0000000000000001e-05   1.3000000000000000e-07   1.3000000000000000e-07   
1.005025125628141e+03    2.590259472791894e+02    2.627779327740137e+07    1.9919799285884515e-34   4.2493347595845185e-34   6.3208392097091131e-21   4.6065781025781460e-20   1.0325899790306657e+04   1.2192327145851266e+04   4.8239206551596610e+01   4.8239206551596610e+01   1.0000000000000001e-05   1.0000000000000001e-05   1.3000000000000000e-07   1.3000000000000000e-07   
1.013065326633166e+03    2.689810567261148e+02    2.717695641360116e+07    1.9919799285884515e-34   4.2493347595845185e-34   6.3208392097091131e-21   4.6065781025781460e-20   1.0325899790306657e+04   1.2192327145851266e+04   4.8239206551596610e+01   4.8239206551596610e+01   1.0000000000000001e-05   1.0000000000000001e-05   1.3000000000000000e-07   1.3000000000000000e-07   
1.021105527638191e+03    2.789361661730401e+02    2.808836500069699e+07    1.9919799285884515e-34   4.2493347595845185e-34   6.3208392097091131e-21   4.6065781025781460e-20   1.0325899790306657e+04   1.2192327145851266e+04   4.8239206551596610e+01   4.8239206551596610e+01   1.0000000000000001e-05   1.0000000000000001e-05   1.3000000000000000e-07   1.3000000000000000e-07   
1.029145728643216e+03    2.888912756199654e+02    2.901240120988745e+07    1.9919799285884515e-34   4.2493347595845185e-34   6.3208392097091131e-21   4.6065781025781460e-20   1.0325899790306657e+04   1.2192327145851266e+04   4.8239206551596610e+01   4.8239206551596610e+01   1.0000000000000001e-05   1.0000000000000001e-05   1.3000000000000000e-07   1.3000000000000000e-07   
1.037185929648241e+03    2.962819129917348e+02    2.987884330144832e+07    1.9919799285884515e-34   4.2493347595845185e-34   6.3208392097091131e-21   4.6065781025781460e-20   1.0325899790306657e+04   1.2192327145851266e+04   4.8239206551596610e+01   4.8239206551596610e+01   1.0000000000000001e-05   1.0000000000000001e-05   1.3000000000000000e-07   1.3000000000000000e-07   
1.045226130653266e+03    3.027890009388620e+02    3.073443994056484e+07    1.9919799285884515e-34   4.2493347595845185e-34   6.3208392097091131e-21   4.6065781025781460e-20   1.0325899790306657e+04   1.2192327145851266e+04   4.8239206551596610e+01   4.8239206551596610e+01   1.0000000000000001e-05   1.0000000000000001e-05   1.3000000000000000e-07   1.3000000000000000e-07   
1.053266331658291e+03    3.092960888859894e+02    3.160370934462228e+07    1.9919799285884515e-34   4.2493347595845185e-34   6.3208392097091131e-21   4.6065781025781460e-20   1.0325899790306657e+04   1.2192327145851266e+04   4.8239206551596610e+01   4.8239206551596610e+01   1.0000000000000001e-05   1.0000000000000001e-05   1.3000000000000000e-07   1.3000000000000000e-07   
1.061306532663316e+03    3.158031768331167e+02    3.248681469349306e+07    1.9919799285884515e-34   4.2493347595845185e-34   6.3208392097091131e-21   4.6065781025781460e-20   1.0325899790306657e+04   1.2192327145851266e+04   4.8239206551596610e+01   4.8239206551596610e+01   1.0000000000000001e-05   1.0000000000000001e-05   1.3000000000000000e-07   1.3000000000000000e-07   
1.069346733668342e+03    3.223102647802441e+02    3.338391613845196e+07    1.9919799285884515e-34   4.2493347595845185e-34   6.3208392097091131e-21   4.6065781025781460e-20   1.0325899790306657e+04   1.2192327145851266e+04   4.8239206551596610e+01   4.8239206551596610e+01   1.0000000000000001e-05   1.0000000000000001e-05   1.3000000000000000e-07   1.3000000000000000e-07   
1.077386934673367e+03    3.288173527273715e+02    3.429517213725954e+07    1.9919799285884515e-34   4.2493347595845185e-34   6.3208392097091131e-21   4.6065781025781460e-20   1.0325899790306657e+04   1.2192327145851266e+04   4.8239206551596610e+01   4.8239206551596610e+01   1.0000000000000001e-05   1.0000000000000001e-05   1.3000000000000000e-07   1.3000000000000000e-07   
1.085427135678392e+03    3.353244406744988e+02    3.522073635174616e+07    1.9919799285884515e-34   4.2493347595845185e-34   6.3208392097091131e-21   4.6065781025781460e-20   1.0325899790306657e+04   1.2192327145851266e+04   4.8239206551596610e+01   4.8239206551596610e+01   1.0000000000000001e-05   1.0000000000000001e-05   1.3000000000000000e-07   1.3000000000000000e-07   
1.093467336683417e+03    3.416216094168675e+02    3.615875867523947e+07    1.9919799285884515e-34   4.2493347595845185e-34   6.3208392097091131e-21   4.6065781025781460e-20   1.0325899790306657e+04   1.2192327145851266e+04   4.8239206551596610e+01   4.8239206551596610e+01   1.0000000000000001e-05   1.0000000000000001e-05   1.3000000000000000e-07   1.3000000000000000e-07   
1.101507537688442e+03    3.477462185038764e+02    3.710972030700393e+07    1.9919799285884515e-34   4.2493347595845185e-34   6.3208392097091131e-21   4.6065781025781460e-20   1.0325899790306657e+04   1.2192327145851266e+04   4.8239206551596610e+01   4.8239206551596610e+01   1.0000000000000001e-05   1.0000000000000001e-05   1.3000000000000000e-07   1.3000000000000000e-07   
1.109547738693467e+03    3.538708275908852e+02    3.807541298744019e+07    1.9919799285884515e-34   4.2493347595845185e-34   6.3208392097091131e-21   4.6065781025781460e-20   1.0325899790306657e+04   1.2192327145851266e+04   4.8239206551596610e+01   4.8239206551596610e+01   1.0000000000000001e-05   1.0000000000000001e-05   1.3000000000000000e-07   1.3000000000000000e-07   
1.117587939698492e+03    3.599954366778942e+02    3.905598076094671e+07    1.9919799285884515e-34   4.2493347595845185e-34   6.3208392097091131e-21   4.6065781025781460e-20   1.0325899790306657e+04   1.2192327145851266e+04   4.8239206551596610e+01   4.8239206551596610e+01   1.0000000000000001e-05   1.0000000000000001e-05   1.3000000000000000e-07   1.3000000000000000e-07   
1.125628140703518e+03    3.661200457649031e+02    4.005157129557693e+07    1.9919799285884515e-34   4.2493347595845185e-34   6.3208392097091131e-21   4.6065781025781460e-20   1.0325899790306657e+04   1.2192327145851266e+04   4.8239206551596610e+01   4.8239206551596610e+01   1.0000000000000001e-05   1.0000000000000001e-05   1.3000000000000000e-07   1.3000000000000000e-07   
1.133668341708543e+03    3.711023420495331e+02    4.102764023210775e+07    1.9919799285884515e-34   4.2493347595845185e-34   6.3208392097091131e-21   4.6065781025781460e-20   1.0325899790306657e+04   1.2192327145851266e+04   4.8239206551596610e+01   4.8239206551596610e+01   1.0000000000000001e-05   1.0000000000000001e-05   1.3000000000000000e-07   1.3000000000000000e-07   
1.141708542713568e+03    3.751322051935246e+02    4.198938693358909e+07    1.9919799285884515e-34   4.2493347595845185e-34   6.3208392097091131e-21   4.6065781025781460e-20   1.0325899790306657e+04   1.2192327145851266e+04   4.8239206551596610e+01   4.8239206551596610e+01   1.0000000000000001e-05   1.0000000000000001e-05   1.3000000000000000e-07   1.3000000000000000e-07   
1.149748743718593e+03    3.791620683375160e+02    4.296564515058832e+07    1.9919799285884515e-34   4.2493347595845185e-34   6.3208392097091131e-21   4.6065781025781460e-20   1.0325899790306657e+04   1.2192327145851266e+04   4.8239206551596610e+01   4.8239206551596610e+01   1.0000000000000001e-05   1.0000000000000001e-05   1.3000000000000000e-07   1.3000000000000000e-07   
1.157788944723618e+03    3.831919314815074e+02    4.395653175373615e+07    1.9919799285884515e-34   4.2493347595845185e-34   6.3208392097091131e-21   4.6065781025781460e-20   1.0325899790306657e+04   1.2192327145851266e+04   4.8239206551596610e+01   4.8239206551596610e+01   1.0000000000000001e-05   1.0000000000000001e-05   1.3000000000000000e-07   1.3000000000000000e-07   
1.165829145728643e+03    3.872217946254989e+02    4.496216462949977e+07    1.9919799285884515e-34   4.2493347595845185e-34   6.3208392097091131e-21   4.6065781025781460e-20   1.0325899790306657e+04   1.2192327145851266e+04   4.8239206551596610e+01   4.8239206551596610e+01   1.0000000000000001e-05   1.0000000000000001e-05   1.3000000000000000e-07   1.3000000000000000e-07   
1.173869346733668e+03    3.903618999256046e+02    4.595258596820822e+07    1.9919799285884515e-34   4.2493347595845185e-34   6.3208392097091131e-21   4.6065781025781460e-20   1.0325899790306657e+04   1.2192327145851266e+04   4.8239206551596610e+01   4.8239206551596610e+01   1.0000000000000001e-05   1.0000000000000001e-05   1.3000000000000000e-07   1.3000000000000000e-07   
1.181909547738693e+03    3.919845873164455e+02    4.690545657600468e+07    1.9919799285884515e-34   4.2493347595845185e-34   6.3208392097091131e-21   4.6065781025781460e-20   1.0325899790306657e+04   1.2192327145851266e+04   4.8239206551596610e+01   4.8239206551596610e+01   1.0000000000000001e-05   1.0000000000000001e-05   1.3000000000000000e-07   1.3000000000000000e-07   
1.189949748743718e+03    3.936072747072864e+02    4.787159512931087e+07    1.9919799285884515e-34   4.2493347595845185e-34   6.3208392097091131e-21   4.6065781025781460e-20   1.0325899790306657e+04   1.2192327145851266e+04   4.8239206551596610e+01   4.8239206551596610e+01   1.0000000000000001e-05   1.0000000000000001e-05   1.3000000000000000e-07   1.3000000000000000e-07   
1.197989949748744e+03    3.952299620981272e+02    4.885109700597984e+07    1.9919799285884515e-34   4.2493347595845185e-34   6.3208392097091131e-21   4.6065781025781460e-20   1.0325899790306657e+04   1.2192327145851266e+04   4.8239206551596610e+01   4.8239206551596610e+01   1.0000000000000001e-05   1.0000000000000001e-05   1.3000000000000000e-07   1.3000000000000000e-07   
1.206030150753769e+03    3.968526494889681e+02    4.984405857296673e+07    1.9919799285884515e-34   4.2493347595845185e-34   6.3208392097091131e-21   4.6065781025781460e-20   1.0325899790306657e+04   1.2192327145851266e+04   4.8239206551596610e+01   4.8239206551596610e+01   1.0000000000000001e-05   1.0000000000000001e-05   1.3000000000000000e-07   1.3000000000000000e-07   
1.214070351758794e+03    3.984753368798089e+02    5.085057548738079e+07    1.9919799285884515e-34   4.2493347595845185e-34   6.3208392097091131e-21   4.6065781025781460e-20   1.0325899790306657e+04   1.2192327145851266e+04   4.8239206551596610e+01   4.8239206551596610e+01   1.0000000000000001e-05   1.0000000000000001e-05   1.3000000000000000e-07   1.3000000000000000e-07   
1.222110552763819e+03    3.999909411797572e+02    5.186726721974003e+07    1.9919799285884515e-34   4.2493347595845185e-34   6.3208392097091131e-21   4.6065781025781460e-20   1.0325899790306657e+04   1.2192327145851266e+04   4.8239206551596610e+01   4.8239206551596610e+01   1.0000000000000001e-05   1.0000000000000001e-05   1.3000000000000000e-07   1.3000000000000000e-07   
1.230150753768844e+03    4.012928051772205e+02    5.289058763833226e+07    1.9919799285884515e-34   4.2493347595845185e-34   6.3208392097091131e-21   4.6065781025781460e-20   1.0325899790306657e+04   1.2192327145851266e+04   4.8239206551596610e+01   4.8239206551596610e+01   1.0000000000000001e-05   1.0000000000000001e-05   1.3000000000000000e-07   1.3000000000000000e-07   
1.238190954773869e+03    4.025946691746839e+02    5.392747720263648e+07    1.9919799285884515e-34   4.2493347595845185e-34   6.3208392097091131e-21   4.6065781025781460e-20   1.0325899790306657e+04   1.2192327145851266e+04   4.8239206551596610e+01   4.8239206551596610e+01   1.0000000000000001e-05   1.0000000000000001e-05   1.3000000000000000e-07   1.3000000000000000e-07   
1.246231155778894e+03    4.038965331721473e+02    5.497799391613556e+07    1.9919799285884515e-34   4.2493347595845185e-34   6.3208392097091131e-21   4.6065781025781460e-20   1.0325899790306657e+04   1.2192327145851266e+04   4.8239206551596610e+01   4.8239206551596610e+01   1.0000000000000001e-05   1.0000000000000001e-05   1.3000000000000000e-07   1.3000000000000000e-07   
1.254271356783920e+03    4.051983971696106e+02    5.604234245553363e+07    1.9919799285884515e-34   4.2493347595845185e-34   6.3208392097091131e-21   4.6065781025781460e-20   1.0325899790306657e+04   1.2192327145851266e+04   4.8239206551596610e+01   4.8239206551596610e+01   1.0000000000000001e-05   1.0000000000000001e-05   1.3000000000000000e-07   1.3000000000000000e-07   
1.262311557788945e+03    4.065002611670739e+02    5.712050919345047e+07    1.9919799285884515e-34   4.2493347595845185e-34   6.3208392097091131e-21   4.6065781025781460e-20   1.0325899790306657e+04   1.2192327145851266e+04   4.8239206551596610e+01   4.8239206551596610e+01   1.0000000000000001e-05   1.0000000000000001e-05   1.3000000000000000e-07   1.3000000000000000e-07   
1.270351758793970e+03    4.077115552366927e+02    5.821012454621419e+07    1.9919799285884515e-34   4.2493347595845185e-34   6.3208392097091131e-21   4.6065781025781460e-20   1.0325899790306657e+04   1.2192327145851266e+04   4.8239206551596610e+01   4.8239206551596610e+01   1.0000000000000001e-05   1.0000000000000001e-05   1.3000000000000000e-07   1.3000000000000000e-07   
1.278391959798995e+03    4.088961417767328e+02    5.931297973653107e+07    1.9919799285884515e-34   4.2493347595845185e-34   6.3208392097091131e-21   4.6065781025781460e-20   1.0325899790306657e+04   1.2192327145851266e+04   4.8239206551596610e+01   4.8239206551596610e+01   1.0000000000000001e-05   1.0000000000000001e-05   1.3000000000000000e-07   1.3000000000000000e-07   
1.286432160804020e+03    4.100807283167729e+02    6.042988226809489e+07    1.9919799285884515e-34   4.2493347595845185e-34   6.3208392097091131e-21   4.6065781025781460e-20   1.0325899790306657e+04   1.2192327145851266e+04   4.8239206551596610e+01   4.8239206551596610e+01   1.0000000000000001e-05   1.0000000000000001e-05   1.3000000000000000e-07   1.3000000000000000e-07   
1.294472361809045e+03    4.112653148568129e+02    6.156092413521193e+07    1.9919799285884515e-34   4.2493347595845185e-34   6.3208392097091131e-21   4.6065781025781460e-20   1.0325899790306657e+04   1.2192327145851266e+04   4.8239206551596610e+01   4.8239206551596610e+01   1.0000000000000001e-05   1.0000000000000001e-05   1.3000000000000000e-07   1.3000000000000000e-07   
1.302512562814070e+03    4.124499013968530e+02    6.270619858318823e+07    1.9919799285884515e-34   4.2493347595845185e-34   6.3208392097091131e-21   4.6065781025781460e-20   1.0325899790306657e+04   1.2192327145851266e+04   4.8239206551596610e+01   4.8239206551596610e+01   1.0000000000000001e-05   1.0000000000000001e-05   1.3000000000000000e-07   1.3000000000000000e-07   
1.310552763819095e+03    4.136179595125840e+02    6.386505862784149e+07    1.9919799285884515e-34   4.2493347595845185e-34   6.3208392097091131e-21   4.6065781025781460e-20   1.0325899790306657e+04   1.2192327145851266e+04   4.8239206551596610e+01   4.8239206551596610e+01   1.0000000000000001e-05   1.0000000000000001e-05   1.3000000000000000e-07   1.3000000000000000e-07   
1.318592964824120e+03    4.139498783062672e+02    6.500038010344942e+07    1.9919799285884515e-34   4.2493347595845185e-34   6.3208392097091131e-21   4.6065781025781460e-20   1.0325899790306657e+04   1.2192327145851266e+04   4.8239206551596610e+01   4.8239206551596610e+01   1.0000000000000001e-05   1.0000000000000001e-05   1.3000000000000000e-07   1.3000000000000000e-07   
1.326633165829146e+03    4.142817970999505e+02    6.614918748540556e+07    1.9919799285884515e-34   4.2493347595845185e-34   6.3208392097091131e-21   4.6065781025781460e-20   1.0325899790306657e+04   1.2192327145851266e+04   4.8239206551596610e+01   4.8239206551596610e+01   1.0000000000000001e-05   1.0000000000000001e-05   1.3000000000000000e-07   1.3000000000000000e-07   
1.334673366834171e+03    4.146137158936338e+02    6.731156440180151e+07    1.9919799285884515e-34   4.2493347595845185e-34   6.3208392097091131e-21   4.6065781025781460e-20   1.0325899790306657e+04   1.2192327145851266e+04   4.8239206551596610e+01   4.8239206551596610e+01   1.0000000000000001e-05   1.0000000000000001e-05   1.3000000000000000e-07   1.3000000000000000e-07   
1.342713567839196e+03    4.149456346873170e+02    6.848759167067418e+07    1.9919799285884515e-34   4.2493347595845185e-34   6.3208392097091131e-21   4.6065781025781460e-20   1.0325899790306657e+04   1.2192327145851266e+04   4.8239206551596610e+01   4.8239206551596610e+01   1.0000000000000001e-05   1.0000000000000001e-05   1.3000000000000000e-07   1.3000000000000000e-07   
1.350753768844221e+03    4.152775534810003e+02    6.967735103613232e+07    1.9919799285884515e-34   4.2493347595845185e-34   6.3208392097091131e-21   4.6065781025781460e-20   1.0325899790306657e+04   1.2192327145851266e+04   4.8239206551596610e+01   4.8239206551596610e+01   1.0000000000000001e-05   1.0000000000000001e-05   1.3000000000000000e-07   1.3000000000000000e-07   
1.358793969849246e+03    4.156094722746835e+02    7.088092402332217e+07    1.9919799285884515e-34   4.2493347595845185e-34   6.3208392097091131e-21   4.6065781025781460e-20   1.0325899790306657e+04   1.2192327145851266e+04   4.8239206551596610e+01   4.8239206551596610e+01   1.0000000000000001e-05   1.0000000000000001e-05   1.3000000000000000e-07   1.3000000000000000e-07   
1.366834170854271e+03    4.159413910683667e+02    7.209839231422846e+07    1.9919799285884515e-34   4.2493347595845185e-34   6.3208392097091131e-21   4.6065781025781460e-20   1.0325899790306657e+04   1.2192327145851266e+04   4.8239206551596610e+01   4.8239206551596610e+01   1.0000000000000001e-05   1.0000000000000001e-05   1.3000000000000000e-07   1.3000000000000000e-07   
1.374874371859296e+03    4.162733098620500e+02    7.332983729256867e+07    1.9919799285884515e-34   4.2493347595845185e-34   6.3208392097091131e-21   4.6065781025781460e-20   1.0325899790306657e+04   1.2192327145851266e+04   4.8239206551596610e+01   4.8239206551596610e+01   1.0000000000000001e-05   1.0000000000000001e-05   1.3000000000000000e-07   1.3000000000000000e-07   
1.382914572864322e+03    4.166024589908849e+02    7.457520193012103e+07    1.9919799285884515e-34   4.2493347595845185e-34   6.3208392097091131e-21   4.6065781025781460e-20   1.0325899790306657e+04   1.2192327145851266e+04   4.8239206551596610e+01   4.8239206551596610e+01   1.0000000000000001e-05   1.0000000000000001e-05   1.3000000000000000e-07   1.3000000000000000e-07   
1.390954773869347e+03    4.167689878879260e+02    7.582655006264858e+07    1.9919799285884515e-34   4.2493347595845185e-34   6.3208392097091131e-21   4.6065781025781460e-20   1.0325899790306657e+04   1.2192327145851266e+04   4.8239206551596610e+01   4.8239206551596610e+01   1.0000000000000001e-05   1.0000000000000001e-05   1.3000000000000000e-07   1.3000000000000000e-07   
1.398994974874372e+03    4.169355167849671e+02    7.709189441937628e+07    1.9919799285884515e-34   4.2493347595845185e-34   6.3208392097091131e-21   4.6065781025781460e-20   1.0325899790306657e+04   1.2192327145851266e+04   4.8239206551596610e+01   4.8239206551596610e+01   1.0000000000000001e-05   1.0000000000000001e-05   1.3000000000000000e-07   1.3000000000000000e-07   
1.407035175879397e+03    4.171020456820082e+02    7.837132073560119e+07    1.9919799285884515e-34   4.2493347595845185e-34   6.3208392097091131e-21   4.6065781025781460e-20   1.0325899790306657e+04   1.2192327145851266e+04   4.8239206551596610e+01   4.8239206551596610e+01   1.0000000000000001e-05   1.0000000000000001e-05   1.3000000000000000e-07   1.3000000000000000e-07   
1.415075376884422e+03    4.172685745790492e+02    7.966490415650614e+07    1.9919799285884515e-34   4.2493347595845185e-34   6.3208392097091131e-21   4.6065781025781460e-20   1.0325899790306657e+04   1.2192327145851266e+04   4.8239206551596610e+01   4.8239206551596610e+01   1.0000000000000001e-05   1.0000000000000001e-05   1.3000000000000000e-07   1.3000000000000000e-07   
1.423115577889447e+03    4.174351034760903e+02    8.097272621685827e+07    1.9919799285884515e-34   4.2493347595845185e-34   6.3208392097091131e-21   4.6065781025781460e-20   1.0325899790306657e+04   1.2192327145851266e+04   4.8239206551596610e+01   4.8239206551596610e+01   1.0000000000000001e-05   1.0000000000000001e-05   1.3000000000000000e-07   1.3000000000000000e-07   
1.431155778894472e+03    4.176016323731314e+02    8.229486398871635e+07    1.9919799285884515e-34   4.2493347595845185e-34   6.3208392097091131e-21   4.6065781025781460e-20   1.0325899790306657e+04   1.2192327145851266e+04   4.8239206551596610e+01   4.8239206551596610e+01   1.0000000000000001e-05   1.0000000000000001e-05   1.3000000000000000e-07   1.3000000000000000e-07   
1.439195979899497e+03    4.177681612701725e+02    8.363139776944701e+07    1.9919799285884515e-34   4.2493347595845185e-34   6.3208392097091131e-21   4.6065781025781460e-20   1.0325899790306657e+04   1.2192327145851266e+04   4.8239206551596610e+01   4.8239206551596610e+01   1.0000000000000001e-05   1.0000000000000001e-05   1.3000000000000000e-07   1.3000000000000000e-07   
1.447236180904522e+03    4.179346901672136e+02    8.498240746917187e+07    1.9919799285884515e-34   4.2493347595845185e-34   6.3208392097091131e-21   4.6065781025781460e-20   1.0325899790306657e+04   1.2192327145851266e+04   4.8239206551596610e+01   4.8239206551596610e+01   1.0000000000000001e-05   1.0000000000000001e-05   1.3000000000000000e-07   1.3000000000000000e-07   
1.455276381909548e+03    4.181012190642547e+02    8.634797221019500e+07    1.9919799285884515e-34   4.2493347595845185e-34   6.3208392097091131e-21   4.6065781025781460e-20   1.0325899790306657e+04   1.2192327145851266e+04   4.8239206551596610e+01   4.8239206551596610e+01   1.0000000000000001e-05   1.0000000000000001e-05   1.3000000000000000e-07   1.3000000000000000e-07   
1.463316582914573e+03    4.182677479612958e+02    8.772817049551213e+07    1.9919799285884515e-34   4.2493347595845185e-34   6.3208392097091131e-21   4.6065781025781460e-20   1.0325899790306657e+04   1.2192327145851266e+04   4.8239206551596610e+01   4.8239206551596610e+01   1.0000000000000001e-05   1.0000000000000001e-05   1.3000000000000000e-07   1.3000000000000000e-07   
1.471356783919598e+03    4.183359084291790e+02    8.911707113741240e+07    1.9919799285884515e-34   4.2493347595845185e-34   6.3208392097091131e-21   4.6065781025781460e-20   1.0325899790306657e+04   1.2192327145851266e+04   4.8239206551596610e+01   4.8239206551596610e+01   1.0000000000000001e-05   1.0000000000000001e-05   1.3000000000000000e-07   1.3000000000000000e-07   
1.479396984924623e+03    4.183684645102325e+02    9.051840551360457e+07    1.9919799285884515e-34   4.2493347595845185e-34   6.3208392097091131e-21   4.6065781025781460e-20   1.0325899790306657e+04   1.2192327145851266e+04   4.8239206551596610e+01   4.8239206551596610e+01   1.0000000000000001e-05   1.0000000000000001e-05   1.3000000000000000e-07   1.3000000000000000e-07   
1.487437185929648e+03    4.184010205912859e+02    9.193439858812752e+07    1.9919799285884515e-34   4.2493347595845185e-34   6.3208392097091131e-21   4.6065781025781460e-20   1.0325899790306657e+04   1.2192327145851266e+04   4.8239206551596610e+01   4.8239206551596610e+01   1.0000000000000001e-05   1.0000000000000001e-05   1.3000000000000000e-07   1.3000000000000000e-07   
1.495477386934673e+03    4.184335766723393e+02    9.336512599763852e+07    1.9919799285884515e-34   4.2493347595845185e-34   6.3208392097091131e-21   4.6065781025781460e-20   1.0325899790306657e+04   1.2192327145851266e+04   4.8239206551596610e+01   4.8239206551596610e+01   1.0000000000000001e-05   1.0000000000000001e-05   1.3000000000000000e-07   1.3000000000000000e-07   
1.503517587939698e+03    4.184661327533927e+02    9.481066741990168e+07    1.9919799285884515e-34   4.2493347595845185e-34   6.3208392097091131e-21   4.6065781025781460e-20   1.0325899790306657e+04   1.2192327145851266e+04   4.8239206551596610e+01   4.8239206551596610e+01   1.0000000000000001e-05   1.0000000000000001e-05   1.3000000000000000e-07   1.3000000000000000e-07   
1.511557788944724e+03    4.184986888344461e+02    9.627109635029766e+07    1.9919799285884515e-34   4.2493347595845185e-34   6.3208392097091131e-21   4.6065781025781460e-20   1.0325899790306657e+04   1.2192327145851266e+04   4.8239206551596610e+01   4.8239206551596610e+01   1.0000000000000001e-05   1.0000000000000001e-05   1.3000000000000000e-07   1.3000000000000000e-07   
1.519597989949749e+03    4.185312449154995e+02    9.774649210246329e+07    1.9919799285884515e-34   4.2493347595845185e-34   6.3208392097091131e-21   4.6065781025781460e-20   1.0325899790306657e+04   1.2192327145851266e+04   4.8239206551596610e+01   4.8239206551596610e+01   1.0000000000000001e-05   1.0000000000000001e-05   1.3000000000000000e-07   1.3000000000000000e-07   
1.527638190954774e+03    4.185638009965529e+02    9.923693163259488e+07    1.9919799285884515e-34   4.2493347595845185e-34   6.3208392097091131e-21   4.6065781025781460e-20   1.0325899790306657e+04   1.2192327145851266e+04   4.8239206551596610e+01   4.8239206551596610e+01   1.0000000000000001e-05   1.0000000000000001e-05   1.3000000000000000e-07   1.3000000000000000e-07   
1.535678391959799e+03    4.185963570776063e+02    1.007424912095636e+08    1.9919799285884515e-34   4.2493347595845185e-34   6.3208392097091131e-21   4.6065781025781460e-20   1.0325899790306657e+04   1.2192327145851266e+04   4.8239206551596610e+01   4.8239206551596610e+01   1.0000000000000001e-05   1.0000000000000001e-05   1.3000000000000000e-07   1.3000000000000000e-07   
1.543718592964824e+03    4.186289131586598e+02    1.022632509532530e+08    1.9919799285884515e-34   4.2493347595845185e-34   6.3208392097091131e-21   4.6065781025781460e-20   1.0325899790306657e+04   1.2192327145851266e+04   4.8239206551596610e+01   4.8239206551596610e+01   1.0000000000000001e-05   1.0000000000000001e-05   1.3000000000000000e-07   1.3000000000000000e-07   
1.551758793969849e+03    4.186614692397132e+02    1.037992775012549e+08    1.9919799285884515e-34   4.2493347595845185e-34   6.3208392097091131e-21   4.6065781025781460e-20   1.0325899790306657e+04   1.2192327145851266e+04   4.8239206551596610e+01   4.8239206551596610e+01   1.0000000000000001e-05   1.0000000000000001e-05   1.3000000000000000e-07   1.3000000000000000e-07   
1.559798994974874e+03    4.186940253207666e+02    1.053506607545209e+08    1.9919799285884515e-34   4.2493347595845185e-34   6.3208392097091131e-21   4.6065781025781460e-20   1.0325899790306657e+04   1.2192327145851266e+04   4.8239206551596610e+01   4.8239206551596610e+01   1.0000000000000001e-05   1.0000000000000001e-05   1.3000000000000000e-07   1.3000000000000000e-07   
1.567839195979899e+03    4.187265814018200e+02    1.069174690731010e+08    1.9919799285884515e-34   4.2493347595845185e-34   6.3208392097091131e-21   4.6065781025781460e-20   1.0325899790306657e+04   1.2192327145851266e+04   4.8239206551596610e+01   4.8239206551596610e+01   1.0000000000000001e-05   1.0000000000000001e-05   1.3000000000000000e-07   1.3000000000000000e-07   
1.575879396984924e+03    4.187694861171001e+02    1.085006222679856e+08    1.9919799285884515e-34   4.2493347595845185e-34   6.3208392097091131e-21   4.6065781025781460e-20   1.0325899790306657e+04   1.2192327145851266e+04   4.8239206551596610e+01   4.8239206551596610e+01   1.0000000000000001e-05   1.0000000000000001e-05   1.3000000000000000e-07   1.3000000000000000e-07   
1.583919597989950e+03    4.188393138176210e+02    1.101016319893809e+08    1.9919799285884515e-34   4.2493347595845185e-34   6.3208392097091131e-21   4.6065781025781460e-20   1.0325899790306657e+04   1.2192327145851266e+04   4.8239206551596610e+01   4.8239206551596610e+01   1.0000000000000001e-05   1.0000000000000001e-05   1.3000000000000000e-07   1.3000000000000000e-07   
1.591959798994975e+03    4.189091415181419e+02    1.117183650110768e+08    1.9919799285884515e-34   4.2493347595845185e-34   6.3208392097091131e-21   4.6065781025781460e-20   1.0325899790306657e+04   1.2192327145851266e+04   4.8239206551596610e+01   4.8239206551596610e+01   1.0000000000000001e-05   1.0000000000000001e-05   1.3000000000000000e-07   1.3000000000000000e-07   
1.600000000000000e+03    4.189789692186627e+02    1.133509090710861e+08    1.9919799285884515e-34   4.2493347595845185e-34   6.3208392097091131e-21   4.6065781025781460e-20   1.0325899790306657e+04   1.2192327145851266e+04   4.8239206551596610e+01   4.8239206551596610e+01   1.0000000000000001e-05   1.0000000000000001e-05   1.3000000000000000e-07   1.3000000000000000e-07   
